Time,ueId,assoCell,compCell,reqCount,taskCount,succCount,upWlMea,upWlStd,upWlMin,upWlMax,upWdMea,upWdStd,upWdMin,upWdMax,queMea,queStd,queMin,queMax,compMea, compStd, compMin, compMax,dnWdMea, dnWdStd, dnWdMin, dnWdMax,dnWlMea,dnWlStd, dnWlMin, dnWlMax,e2eMea,e2eStd,e2eMin,e2eMax
1.1,7,5,2,4,3,3,0,0,0,0,0,0,0,0,0,0,0,0,4.166,0,4.166,4.166,1.00072,0,1.00072,1.00072,3.43275,0.299815,3.18342,3.76542,8.59947,0.299815,8.35014,8.93214,
1.1,3,3,3,4,3,3,0,0,0,0,0,0,0,0,0,0,0,0,4.166,0,4.166,4.166,0,0,0,0,3.18347,0.299815,2.93414,3.51614,7.34947,0.299815,7.10014,7.68214,
1.1,6,4,4,4,4,4,0,0,0,0,0,0,0,0,0,0,0,0,4.166,0,4.166,4.166,0,0,0,0,3.39214,0.25838,3.18414,3.76614,7.55814,0.25838,7.35014,7.93214,
1.1,4,3,5,5,4,4,0,0,0,0,0,0,0,0,0,0,0,0,4.166,0,4.166,4.166,1.00072,0,1.00072,1.00072,2.89142,0.25838,2.68342,3.26542,8.05814,0.25838,7.85014,8.43214,
1.1,9,6,6,4,3,3,0,0,0,0,0,0,0,0,0,0,0,0,4.166,0,4.166,4.166,0,0,0,0,3.18347,0.299815,2.93414,3.51614,7.34947,0.299815,7.10014,7.68214,
1.2,7,5,2,6,6,6,0,0,0,0,0,0,0,0,0,0,0,0,4.166,0,4.166,4.166,1.00072,0,1.00072,1.00072,3.06075,0.125549,2.93542,3.26742,8.22747,0.125549,8.10214,8.43414,
1.2,3,3,3,6,6,6,0,0,0,0,0,0,0,0,0,0,0,0,4.166,0,4.166,4.166,0,0,0,0,3.01981,0.0742473,2.93614,3.10414,7.18581,0.0742473,7.10214,7.27014,
1.2,6,4,4,6,6,6,0,0,0,0,0,0,0,0,0,0,0,0,4.166,0,4.166,4.166,0,0,0,0,3.27047,0.0742473,3.18614,3.35414,7.43647,0.0742473,7.35214,7.52014,
1.2,4,3,5,6,6,6,0,0,0,0,0,0,0,0,0,0,0,0,4.166,0,4.166,4.166,1.00072,0,1.00072,1.00072,2.76975,0.0742473,2.68542,2.85342,7.93647,0.0742473,7.85214,8.02014,
1.2,9,6,6,6,6,6,0,0,0,0,0,0,0,0,0,0,0,0,4.166,0,4.166,4.166,0,0,0,0,3.01981,0.0742473,2.93614,3.10414,7.18581,0.0742473,7.10214,7.27014,
1.3,7,5,2,6,6,6,0,0,0,0,0,0,0,0,0,0,0,0,4.166,0,4.166,4.166,1.00072,0,1.00072,1.00072,3.10642,0.253073,2.93942,3.60742,8.27314,0.253073,8.10614,8.77414,
1.3,3,3,3,6,6,6,0,0,0,0,0,0,0,0,0,0,0,0,4.166,0,4.166,4.166,0,0,0,0,3.0119,0.165746,2.69014,3.15643,7.1779,0.165746,6.85614,7.32243,
1.3,6,4,4,6,6,6,0,0,0,0,0,0,0,0,0,0,0,0,4.166,0,4.166,4.166,0,0,0,0,3.27447,0.0742473,3.19014,3.35814,7.44047,0.0742473,7.35614,7.52414,
1.3,4,3,5,6,6,6,0,0,0,0,0,0,0,0,0,0,0,0,4.166,0,4.166,4.166,1.00072,0,1.00072,1.00072,2.77375,0.0742473,2.68942,2.85742,7.94047,0.0742473,7.85614,8.02414,
1.3,9,6,6,6,6,6,0,0,0,0,0,0,0,0,0,0,0,0,4.166,0,4.166,4.166,0,0,0,0,3.10714,0.268041,2.69214,3.44014,7.27314,0.268041,6.85814,7.60614,
1.4,7,5,2,6,6,6,0,0,0,0,0,0,0,0,0,0,0,0,4.166,0,4.166,4.166,1.00072,0,1.00072,1.00072,3.02709,0.0742473,2.94342,3.11142,8.19381,0.0742473,8.11014,8.27814,
1.4,3,3,3,6,6,6,0,0,0,0,0,0,0,0,0,0,0,0,4.166,0,4.166,4.166,0,0,0,0,3.06352,0.133181,2.91043,3.27614,7.22952,0.133181,7.07643,7.44214,
1.4,6,4,4,6,6,6,0,0,0,0,0,0,0,0,0,0,0,0,4.166,0,4.166,4.166,0,0,0,0,3.32014,0.351704,2.94614,3.86014,7.48614,0.351704,7.11214,8.02614,
1.4,4,3,5,6,6,6,0,0,0,0,0,0,0,0,0,0,0,0,4.166,0,4.166,4.166,1.00072,0,1.00072,1.00072,2.77775,0.0742473,2.69342,2.86142,7.94447,0.0742473,7.86014,8.02814,
1.4,9,6,6,6,6,6,0,0,0,0,0,0,0,0,0,0,0,0,4.166,0,4.166,4.166,0,0,0,0,3.19447,0.414141,2.94414,4.02614,7.36047,0.414141,7.11014,8.19214,
1.5,7,5,2,6,6,6,0,0,0,0,0,0,0,0,0,0,0,0,4.166,0,4.166,4.166,1.00072,0,1.00072,1.00072,3.03109,0.0742473,2.94742,3.11542,8.19781,0.0742473,8.11414,8.28214,
1.5,3,3,3,6,6,6,0,0,0,0,0,0,0,0,0,0,0,0,4.166,0,4.166,4.166,0,0,0,0,2.90085,0.233267,2.69814,3.28014,7.06685,0.233267,6.86414,7.44614,
1.5,4,3,5,6,6,6,0,0,0,0,0,0,0,0,0,0,0,0,4.166,0,4.166,4.166,1.00072,0,1.00072,1.00072,2.78175,0.0742473,2.69742,2.86542,7.94847,0.0742473,7.86414,8.03214,
1.5,9,6,6,6,6,6,0,0,0,0,0,0,0,0,0,0,0,0,4.166,0,4.166,4.166,0,0,0,0,3.03181,0.0742473,2.94814,3.11614,7.19781,0.0742473,7.11414,7.28214,
1.6,1,5,7,2,1,1,0,0,0,0,0,0,0,0,0,0,0,0,4.166,0,4.166,4.166,5.00116,0,5.00116,5.00116,3.47926,0,3.47926,3.47926,12.6464,0,12.6464,12.6464,
1.6,8,5,7,2,1,1,0,0,0,0,0,0,0,0,0,0,0,0,4.166,0,4.166,4.166,5.00116,0,5.00116,5.00116,3.47926,0,3.47926,3.47926,12.6464,0,12.6464,12.6464,
1.6,5,4,8,2,1,1,0,0,0,0,0,0,0,0,0,0,0,0,4.166,0,4.166,4.166,5.00116,0,5.00116,5.00116,6.76498,0,6.76498,6.76498,15.9321,0,15.9321,15.9321,
1.6,10,6,8,2,1,1,0,0,0,0,0,0,0,0,0,0,0,0,4.166,0,4.166,4.166,5.00221,0,5.00221,5.00221,3.51393,0,3.51393,3.51393,12.6821,0,12.6821,12.6821,
1.6,7,5,2,6,6,6,0,0,0,0,0,0,0,0,0,0,0,0,4.166,0,4.166,4.166,1.00072,0,1.00072,1.00072,3.03509,0.0742473,2.95142,3.11942,8.20181,0.0742473,8.11814,8.28614,
1.6,3,3,3,6,6,6,0,0,0,0,0,0,0,0,0,0,0,0,4.166,0,4.166,4.166,0,0,0,0,2.98819,0.183599,2.78414,3.20414,7.15419,0.183599,6.95014,7.37014,
1.6,2,4,4,1,0,0,0,0,0,0,0,0,0,0,0,0,0,0,0,0,0,0,0,0,0,0,0,0,0,0,0,0,0,0,
1.6,4,3,5,6,6,6,0,0,0,0,0,0,0,0,0,0,0,0,4.166,0,4.166,4.166,1.00072,0,1.00072,1.00072,2.78575,0.0742473,2.70142,2.86942,7.95247,0.0742473,7.86814,8.03614,
1.6,9,6,6,6,6,6,0,0,0,0,0,0,0,0,0,0,0,0,4.166,0,4.166,4.166,0,0,0,0,3.74414,0.386906,3.03414,4.20214,7.91014,0.386906,7.20014,8.36814,
1.7,1,5,7,6,6,6,0,0,0,0,0,0,0,0,0,0,0,0,4.166,0,4.166,4.166,5.00116,0,5.00116,5.00116,2.9935,0.0589225,2.93298,3.06526,12.1607,0.0589225,12.1001,12.2324,
1.7,8,5,7,6,6,6,0,0,0,0,0,0,0,0,0,0,0,0,4.166,0,4.166,4.166,5.00116,0,5.00116,5.00116,3.47564,0.201898,3.26698,3.84898,12.6428,0.201898,12.4341,13.0161,
1.7,5,4,8,6,5,5,0,0,0,0,0,0,0,0,0,0,0,0,4.166,0,4.166,4.166,5.00116,0,5.00116,5.00116,8.30984,0.258631,8.07784,8.74184,17.477,0.258631,17.245,17.909,
1.7,10,6,8,6,6,6,0,0,0,0,0,0,0,0,0,0,0,0,4.166,0,4.166,4.166,5.00221,0,5.00221,5.00221,3.5996,0.31259,3.18193,3.93393,12.7678,0.31259,12.3501,13.1021,
1.7,7,5,2,6,6,6,0,0,0,0,0,0,0,0,0,0,0,0,4.166,0,4.166,4.166,1.00072,0,1.00072,1.00072,3.33075,0.287337,3.03742,3.87142,8.49747,0.287337,8.20414,9.03814,
1.7,3,3,3,6,6,6,0,0,0,0,0,0,0,0,0,0,0,0,4.166,0,4.166,4.166,0,0,0,0,2.99219,0.150029,2.70814,3.12214,7.15819,0.150029,6.87414,7.28814,
1.7,2,4,4,6,6,6,0,0,0,0,0,0,0,0,0,0,0,0,4.166,0,4.166,4.166,0,0,0,0,8.60114,0.692276,7.93414,9.76614,12.7671,0.692276,12.1001,13.9321,
1.7,4,3,5,6,6,6,0,0,0,0,0,0,0,0,0,0,0,0,4.166,0,4.166,4.166,1.00072,0,1.00072,1.00072,2.78975,0.0742473,2.70542,2.87342,7.95647,0.0742473,7.87214,8.04014,
1.7,9,6,6,6,6,6,0,0,0,0,0,0,0,0,0,0,0,0,4.166,0,4.166,4.166,0,0,0,0,3.33147,0.48986,2.95814,4.28814,7.49747,0.48986,7.12414,8.45414,
1.8,1,5,7,6,6,6,0,0,0,0,0,0,0,0,0,0,0,0,4.166,0,4.166,4.166,5.00116,0,5.00116,5.00116,2.9975,0.0589225,2.93698,3.06926,12.1647,0.0589225,12.1041,12.2364,
1.8,8,5,7,6,6,6,0,0,0,0,0,0,0,0,0,0,0,0,4.166,0,4.166,4.166,5.00116,0,5.00116,5.00116,3.31298,0.0865794,3.18898,3.43698,12.4801,0.0865794,12.3561,12.6041,
1.8,5,4,8,6,6,4,0,0,0,0,0,0,0,0,0,0,0,0,4.166,0,4.166,4.166,5.00116,0,5.00116,5.00116,10.3897,1.78588,8.16184,12.937,19.5569,1.78588,17.329,22.1041,
1.8,10,6,8,6,6,6,0,0,0,0,0,0,0,0,0,0,0,0,4.166,0,4.166,4.166,5.00221,0,5.00221,5.00221,3.64526,0.301268,3.10393,3.93593,12.8135,0.301268,12.2721,13.1041,
1.8,7,5,2,6,6,6,0,0,0,0,0,0,0,0,0,0,0,0,4.166,0,4.166,4.166,1.00072,0,1.00072,1.00072,3.20975,0.311629,2.95942,3.79342,8.37647,0.311629,8.12614,8.96014,
1.8,3,3,3,6,6,6,0,0,0,0,0,0,0,0,0,0,0,0,4.166,0,4.166,4.166,0,0,0,0,3.29381,0.283395,2.96214,3.71014,7.45981,0.283395,7.12814,7.87614,
1.8,2,4,4,6,6,6,0,0,0,0,0,0,0,0,0,0,0,0,4.166,0,4.166,4.166,0,0,0,0,11.5903,2.16147,8.27014,14.8489,15.7563,2.16147,12.4361,19.0149,
1.8,4,3,5,6,6,6,0,0,0,0,0,0,0,0,0,0,0,0,4.166,0,4.166,4.166,1.00072,0,1.00072,1.00072,2.79375,0.0742473,2.70942,2.87742,7.96047,0.0742473,7.87614,8.04414,
1.8,9,6,6,6,6,6,0,0,0,0,0,0,0,0,0,0,0,0,4.166,0,4.166,4.166,0,0,0,0,2.83547,0.125549,2.71014,3.04214,7.00147,0.125549,6.87614,7.20814,
1.9,1,5,7,6,6,6,0,0,0,0,0,0,0,0,0,0,0,0,4.166,0,4.166,4.166,5.00116,0,5.00116,5.00116,3.0015,0.0589225,2.94098,3.07326,12.1687,0.0589225,12.1081,12.2404,
1.9,8,5,7,6,6,6,0,0,0,0,0,0,0,0,0,0,0,0,4.166,0,4.166,4.166,5.00116,0,5.00116,5.00116,3.27531,0.0742473,3.19098,3.35898,12.4425,0.0742473,12.3581,12.5261,
1.9,5,4,8,6,7,7,0,0,0,0,0,0,0,0,0,0,0,0,4.166,0,4.166,4.166,5.00116,0,5.00116,5.00116,6.16784,1.87854,5.33384,10.4158,15.335,1.87854,14.501,19.583,
1.9,10,6,8,6,6,6,0,0,0,0,0,0,0,0,0,0,0,0,4.166,0,4.166,4.166,5.00221,0,5.00221,5.00221,3.00641,0.0684181,2.93993,3.10593,12.1746,0.0684181,12.1081,12.2741,
1.9,7,5,2,6,6,6,0,0,0,0,0,0,0,0,0,0,0,0,4.166,0,4.166,4.166,1.00072,0,1.00072,1.00072,3.04709,0.0742473,2.96342,3.13142,8.21381,0.0742473,8.13014,8.29814,
1.9,3,3,3,6,6,6,0,0,0,0,0,0,0,0,0,0,0,0,4.166,0,4.166,4.166,0,0,0,0,3.04781,0.0742473,2.96414,3.13214,7.21381,0.0742473,7.13014,7.29814,
1.9,2,4,4,6,6,6,0,0,0,0,0,0,0,0,0,0,0,0,4.166,0,4.166,4.166,0,0,0,0,8.81747,1.32807,8.19214,11.5241,12.9835,1.32807,12.3581,15.6901,
1.9,4,3,5,6,6,6,0,0,0,0,0,0,0,0,0,0,0,0,4.166,0,4.166,4.166,1.00072,0,1.00072,1.00072,2.79775,0.0742473,2.71342,2.88142,7.96447,0.0742473,7.88014,8.04814,
1.9,9,6,6,6,6,6,0,0,0,0,0,0,0,0,0,0,0,0,4.166,0,4.166,4.166,0,0,0,0,3.08947,0.222177,2.79614,3.46414,7.25547,0.222177,6.96214,7.63014,
2,1,5,7,6,6,6,0,0,0,0,0,0,0,0,0,0,0,0,4.166,0,4.166,4.166,5.00116,0,5.00116,5.00116,3.0055,0.0589225,2.94498,3.07726,12.1727,0.0589225,12.1121,12.2444,
2,8,5,7,6,6,6,0,0,0,0,0,0,0,0,0,0,0,0,4.166,0,4.166,4.166,5.00116,0,5.00116,5.00116,3.02931,0.0742473,2.94498,3.11298,12.1965,0.0742473,12.1121,12.2801,
2,10,6,8,6,6,6,0,0,0,0,0,0,0,0,0,0,0,0,4.166,0,4.166,4.166,5.00221,0,5.00221,5.00221,3.3616,0.52869,2.94593,4.19393,12.5298,0.52869,12.1141,13.3621,
2,7,5,2,6,6,6,0,0,0,0,0,0,0,0,0,0,0,0,4.166,0,4.166,4.166,1.00072,0,1.00072,1.00072,3.05109,0.174105,2.71942,3.21742,8.21781,0.174105,7.88614,8.38414,
2,3,3,3,6,6,6,0,0,0,0,0,0,0,0,0,0,0,0,4.166,0,4.166,4.166,0,0,0,0,3.05181,0.0742473,2.96814,3.13614,7.21781,0.0742473,7.13414,7.30214,
2,2,4,4,6,7,7,0,0,0,0,0,0,0,0,0,0,0,0,4.166,0,4.166,4.166,0,0,0,0,7.56585,1.56024,6.69614,10.8621,11.7319,1.56024,10.8621,15.0281,
2,4,3,5,6,6,6,0,0,0,0,0,0,0,0,0,0,0,0,4.166,0,4.166,4.166,1.00072,0,1.00072,1.00072,2.80175,0.0742473,2.71742,2.88542,7.96847,0.0742473,7.88414,8.05214,
2,9,6,6,6,6,6,0,0,0,0,0,0,0,0,0,0,0,0,4.166,0,4.166,4.166,0,0,0,0,3.38514,0.298741,2.96814,3.63614,7.55114,0.298741,7.13414,7.80214,
2.1,1,5,7,6,6,6,0,0,0,0,0,0,0,0,0,0,0,0,4.166,0,4.166,4.166,5.00116,0,5.00116,5.00116,3.00355,0.066387,2.93112,3.08126,12.1707,0.066387,12.0983,12.2484,
2.1,8,5,7,6,6,6,0,0,0,0,0,0,0,0,0,0,0,0,4.166,0,4.166,4.166,5.00116,0,5.00116,5.00116,3.28331,0.2841,2.94898,3.78298,12.4505,0.2841,12.1161,12.9501,
2.1,10,6,8,6,6,6,0,0,0,0,0,0,0,0,0,0,0,0,4.166,0,4.166,4.166,5.00221,0,5.00221,5.00221,3.03226,0.0742473,2.94793,3.11593,12.2005,0.0742473,12.1161,12.2841,
2.1,7,5,2,6,6,6,0,0,0,0,0,0,0,0,0,0,0,0,4.166,0,4.166,4.166,1.00072,0,1.00072,1.00072,3.5908,0.410464,2.97142,4.12156,8.75752,0.410464,8.13814,9.28828,
2.1,3,3,3,6,6,6,0,0,0,0,0,0,0,0,0,0,0,0,4.166,0,4.166,4.166,0,0,0,0,3.05581,0.0742473,2.97214,3.14014,7.22181,0.0742473,7.13814,7.30614,
2.1,2,4,4,6,5,5,0,0,0,0,0,0,0,0,0,0,0,0,5.8328,2.28236,4.166,8.333,0,0,0,0,5.01734,0.215499,4.70114,5.28414,10.8501,2.15265,9.11614,13.3681,
2.1,6,4,4,3,2,2,0,0,0,0,0,0,0,0,0,0,0,0,8.333,0,8.333,8.333,0,0,0,0,3.39114,0.64771,2.93314,3.84914,11.7241,0.64771,11.2661,12.1821,
2.1,4,3,5,6,6,6,0,0,0,0,0,0,0,0,0,0,0,0,4.166,0,4.166,4.166,1.00072,0,1.00072,1.00072,2.80575,0.0742473,2.72142,2.88942,7.97247,0.0742473,7.88814,8.05614,
2.1,9,6,6,6,6,6,0,0,0,0,0,0,0,0,0,0,0,0,4.166,0,4.166,4.166,0,0,0,0,3.30581,0.616046,2.97214,4.55414,7.47181,0.616046,7.13814,8.72014,
2.2,1,5,7,6,6,6,0,0,0,0,0,0,0,0,0,0,0,0,4.166,0,4.166,4.166,5.00116,0,5.00116,5.00116,3.0016,0.0742473,2.91726,3.08526,12.1688,0.0742473,12.0844,12.2524,
2.2,8,5,7,6,6,6,0,0,0,0,0,0,0,0,0,0,0,0,4.166,0,4.166,4.166,5.00116,0,5.00116,5.00116,3.03731,0.0742473,2.95298,3.12098,12.2045,0.0742473,12.1201,12.2881,
2.2,10,6,8,6,6,6,0,0,0,0,0,0,0,0,0,0,0,0,4.166,0,4.166,4.166,5.00221,0,5.00221,5.00221,3.03626,0.0742473,2.95193,3.11993,12.2045,0.0742473,12.1201,12.2881,
2.2,7,5,2,6,6,6,0,0,0,0,0,0,0,0,0,0,0,0,4.166,0,4.166,4.166,1.00072,0,1.00072,1.00072,3.76742,0.437145,3.22742,4.30942,8.93414,0.437145,8.39414,9.47614,
2.2,3,3,3,6,6,6,0,0,0,0,0,0,0,0,0,0,0,0,4.166,0,4.166,4.166,0,0,0,0,3.13421,0.324771,2.72814,3.72614,7.30021,0.324771,6.89414,7.89214,
2.2,2,4,4,6,6,6,0,0,0,0,0,0,0,0,0,0,0,0,8.333,0,8.333,8.333,0,0,0,0,6.28747,0.522027,5.36914,6.95314,14.6205,0.522027,13.7021,15.2861,
2.2,6,4,4,6,6,6,0,0,0,0,0,0,0,0,0,0,0,0,8.333,0,8.333,8.333,0,0,0,0,3.68547,0.403872,3.18714,4.18514,12.0185,0.403872,11.5201,12.5181,
2.2,4,3,5,6,6,6,0,0,0,0,0,0,0,0,0,0,0,0,4.166,0,4.166,4.166,1.00072,0,1.00072,1.00072,2.80975,0.0742473,2.72542,2.89342,7.97647,0.0742473,7.89214,8.06014,
2.2,9,6,6,6,6,6,0,0,0,0,0,0,0,0,0,0,0,0,4.166,0,4.166,4.166,0,0,0,0,3.10147,0.239505,2.72814,3.39214,7.26747,0.239505,6.89414,7.55814,
2.3,1,5,7,6,6,6,0,0,0,0,0,0,0,0,0,0,0,0,4.166,0,4.166,4.166,5.00116,0,5.00116,5.00116,3.0056,0.0742473,2.92126,3.08926,12.1728,0.0742473,12.0884,12.2564,
2.3,8,5,7,6,6,6,0,0,0,0,0,0,0,0,0,0,0,0,4.166,0,4.166,4.166,5.00116,0,5.00116,5.00116,3.83298,0.155229,3.70698,4.12298,13.0001,0.155229,12.8741,13.2901,
2.3,10,6,8,6,6,6,0,0,0,0,0,0,0,0,0,0,0,0,4.166,0,4.166,4.166,5.00221,0,5.00221,5.00221,4.28133,0.60387,3.70593,5.35607,13.4495,0.60387,12.8741,14.5243,
2.3,7,5,2,6,6,6,0,0,0,0,0,0,0,0,0,0,0,0,4.166,0,4.166,4.166,1.00072,0,1.00072,1.00072,4.02142,0.12687,3.81142,4.14742,9.18814,0.12687,8.97814,9.31414,
2.3,3,3,3,6,6,6,0,0,0,0,0,0,0,0,0,0,0,0,4.166,0,4.166,4.166,0,0,0,0,2.81381,0.0742473,2.73014,2.89814,6.97981,0.0742473,6.89614,7.06414,
2.3,2,4,4,6,6,6,0,0,0,0,0,0,0,0,0,0,0,0,8.333,0,8.333,8.333,0,0,0,0,8.37481,1.04399,6.37314,9.29114,16.7078,1.04399,14.7061,17.6241,
2.3,6,4,4,6,6,6,0,0,0,0,0,0,0,0,0,0,0,0,8.333,0,8.333,8.333,0,0,0,0,4.27281,0.453556,3.52114,4.68914,12.6058,0.453556,11.8541,13.0221,
2.3,4,3,5,6,6,6,0,0,0,0,0,0,0,0,0,0,0,0,4.166,0,4.166,4.166,1.00072,0,1.00072,1.00072,2.81375,0.0742473,2.72942,2.89742,7.98047,0.0742473,7.89614,8.06414,
2.3,9,6,6,6,6,6,0,0,0,0,0,0,0,0,0,0,0,0,4.166,0,4.166,4.166,0,0,0,0,2.81381,0.0742473,2.73014,2.89814,6.97981,0.0742473,6.89614,7.06414,
2.4,1,5,7,6,6,6,0,0,0,0,0,0,0,0,0,0,0,0,4.166,0,4.166,4.166,5.00116,0,5.00116,5.00116,3.0096,0.0742473,2.92526,3.09326,12.1768,0.0742473,12.0924,12.2604,
2.4,8,5,7,6,6,6,0,0,0,0,0,0,0,0,0,0,0,0,4.166,0,4.166,4.166,5.00116,0,5.00116,5.00116,3.79531,0.0742473,3.71098,3.87898,12.9625,0.0742473,12.8781,13.0461,
2.4,10,6,8,6,6,6,0,0,0,0,0,0,0,0,0,0,0,0,4.166,0,4.166,4.166,5.00221,0,5.00221,5.00221,3.04426,0.0742473,2.95993,3.12793,12.2125,0.0742473,12.1281,12.2961,
2.4,7,5,2,6,6,6,0,0,0,0,0,0,0,0,0,0,0,0,4.166,0,4.166,4.166,1.00072,0,1.00072,1.00072,3.51947,0.399421,3.14942,4.06542,8.68619,0.399421,8.31614,9.23214,
2.4,3,3,3,6,6,6,0,0,0,0,0,0,0,0,0,0,0,0,4.166,0,4.166,4.166,0,0,0,0,2.98447,0.26891,2.73414,3.40014,7.15047,0.26891,6.90014,7.56614,
2.4,2,4,4,6,6,6,0,0,0,0,0,0,0,0,0,0,0,0,8.333,0,8.333,8.333,0,0,0,0,5.74785,0.801115,5.21114,7.34143,14.0809,0.801115,13.5441,15.6744,
2.4,6,4,4,6,6,6,0,0,0,0,0,0,0,0,0,0,0,0,8.333,0,8.333,8.333,0,0,0,0,3.36014,0.349637,2.94314,3.85914,11.6931,0.349637,11.2761,12.1921,
2.4,4,3,5,6,6,6,0,0,0,0,0,0,0,0,0,0,0,0,4.166,0,4.166,4.166,1.00072,0,1.00072,1.00072,2.81775,0.0742473,2.73342,2.90142,7.98447,0.0742473,7.90014,8.06814,
2.4,9,6,6,6,6,6,0,0,0,0,0,0,0,0,0,0,0,0,4.166,0,4.166,4.166,0,0,0,0,3.10947,0.287337,2.81614,3.65014,7.27547,0.287337,6.98214,7.81614,
2.5,1,5,7,6,6,6,0,0,0,0,0,0,0,0,0,0,0,0,4.166,0,4.166,4.166,5.00116,0,5.00116,5.00116,3.0136,0.0742473,2.92926,3.09726,12.1808,0.0742473,12.0964,12.2644,
2.5,8,5,7,6,6,6,0,0,0,0,0,0,0,0,0,0,0,0,4.166,0,4.166,4.166,5.00116,0,5.00116,5.00116,3.42431,0.499162,2.96498,4.13098,12.5915,0.499162,12.1321,13.2981,
2.5,10,6,8,6,6,6,0,0,0,0,0,0,0,0,0,0,0,0,4.166,0,4.166,4.166,5.00221,0,5.00221,5.00221,3.2566,0.364915,2.96393,3.79993,12.4248,0.364915,12.1321,12.9681,
2.5,7,5,2,6,6,6,0,0,0,0,0,0,0,0,0,0,0,0,4.166,0,4.166,4.166,1.00072,0,1.00072,1.00072,2.94013,0.233267,2.73742,3.31942,8.10685,0.233267,7.90414,8.48614,
2.5,3,3,3,6,6,6,0,0,0,0,0,0,0,0,0,0,0,0,4.166,0,4.166,4.166,0,0,0,0,3.0599,0.197594,2.74014,3.32214,7.2259,0.197594,6.90614,7.48814,
2.5,6,4,4,6,6,6,0,0,0,0,0,0,0,0,0,0,0,0,4.8605,1.70117,4.166,8.333,0,0,0,0,3.33664,0.0685966,3.27914,3.44814,8.19714,1.67417,7.44614,11.6121,
2.5,4,3,5,6,6,6,0,0,0,0,0,0,0,0,0,0,0,0,4.166,0,4.166,4.166,1.00072,0,1.00072,1.00072,2.82175,0.0742473,2.73742,2.90542,7.98847,0.0742473,7.90414,8.07214,
2.5,9,6,6,6,6,6,0,0,0,0,0,0,0,0,0,0,0,0,4.166,0,4.166,4.166,0,0,0,0,3.07181,0.0742473,2.98814,3.15614,7.23781,0.0742473,7.15414,7.32214,
2.6,1,5,7,6,6,6,0,0,0,0,0,0,0,0,0,0,0,0,4.166,0,4.166,4.166,5.00116,0,5.00116,5.00116,3.0176,0.0742473,2.93326,3.10126,12.1848,0.0742473,12.1004,12.2684,
2.6,8,5,7,6,6,6,0,0,0,0,0,0,0,0,0,0,0,0,4.166,0,4.166,4.166,5.00116,0,5.00116,5.00116,3.05331,0.0742473,2.96898,3.13698,12.2205,0.0742473,12.1361,12.3041,
2.6,5,4,8,3,2,2,0,0,0,0,0,0,0,0,0,0,0,0,4.166,0,4.166,4.166,5.00116,0,5.00116,5.00116,5.93198,0.824487,5.34898,6.51498,15.0991,0.824487,14.5161,15.6821,
2.6,10,6,8,6,6,6,0,0,0,0,0,0,0,0,0,0,0,0,4.166,0,4.166,4.166,5.00221,0,5.00221,5.00221,3.21893,0.268414,2.96993,3.63593,12.3871,0.268414,12.1381,12.8041,
2.6,7,5,2,6,6,6,0,0,0,0,0,0,0,0,0,0,0,0,4.166,0,4.166,4.166,1.00072,0,1.00072,1.00072,3.11675,0.287337,2.82342,3.65742,8.28347,0.287337,7.99014,8.82414,
2.6,3,3,3,6,6,6,0,0,0,0,0,0,0,0,0,0,0,0,4.166,0,4.166,4.166,0,0,0,0,3.15914,0.252282,2.99214,3.65814,7.32514,0.252282,7.15814,7.82414,
2.6,6,4,4,6,6,6,0,0,0,0,0,0,0,0,0,0,0,0,4.166,0,4.166,4.166,0,0,0,0,3.07681,0.0869636,2.95214,3.20014,7.24281,0.0869636,7.11814,7.36614,
2.6,4,3,5,6,6,6,0,0,0,0,0,0,0,0,0,0,0,0,4.166,0,4.166,4.166,1.00072,0,1.00072,1.00072,2.82575,0.0742473,2.74142,2.90942,7.99247,0.0742473,7.90814,8.07614,
2.6,9,6,6,6,6,6,0,0,0,0,0,0,0,0,0,0,0,0,4.166,0,4.166,4.166,0,0,0,0,3.49247,0.217974,3.07414,3.66014,7.65847,0.217974,7.24014,7.82614,
2.7,1,5,7,6,6,6,0,0,0,0,0,0,0,0,0,0,0,0,4.166,0,4.166,4.166,5.00116,0,5.00116,5.00116,3.0216,0.0742473,2.93726,3.10526,12.1888,0.0742473,12.1044,12.2724,
2.7,8,5,7,6,6,6,0,0,0,0,0,0,0,0,0,0,0,0,4.166,0,4.166,4.166,5.00116,0,5.00116,5.00116,3.39064,0.252017,3.22298,3.88898,12.5578,0.252017,12.3901,13.0561,
2.7,5,4,8,6,6,6,0,0,0,0,0,0,0,0,0,0,0,0,4.166,0,4.166,4.166,5.00116,0,5.00116,5.00116,4.10131,0.0742473,4.01698,4.18498,13.2685,0.0742473,13.1841,13.3521,
2.7,10,6,8,6,6,6,0,0,0,0,0,0,0,0,0,0,0,0,4.166,0,4.166,4.166,5.00221,0,5.00221,5.00221,3.30626,0.2841,2.97193,3.63793,12.4745,0.2841,12.1401,12.8061,
2.7,7,5,2,6,6,6,0,0,0,0,0,0,0,0,0,0,0,0,4.166,0,4.166,4.166,1.00072,0,1.00072,1.00072,3.32909,0.394858,2.99542,4.07942,8.49581,0.394858,8.16214,9.24614,
2.7,3,3,3,6,6,6,0,0,0,0,0,0,0,0,0,0,0,0,4.166,0,4.166,4.166,0,0,0,0,3.07385,0.194805,2.74614,3.33014,7.23985,0.194805,6.91214,7.49614,
2.7,6,4,4,6,6,6,0,0,0,0,0,0,0,0,0,0,0,0,4.166,0,4.166,4.166,0,0,0,0,3.08081,0.126343,2.95414,3.28814,7.24681,0.126343,7.12014,7.45414,
2.7,4,3,5,6,6,6,0,0,0,0,0,0,0,0,0,0,0,0,4.166,0,4.166,4.166,1.00072,0,1.00072,1.00072,2.82975,0.0742473,2.74542,2.91342,7.99647,0.0742473,7.91214,8.08014,
2.7,9,6,6,6,6,6,0,0,0,0,0,0,0,0,0,0,0,0,4.166,0,4.166,4.166,0,0,0,0,3.16314,0.216439,2.99614,3.57814,7.32914,0.216439,7.16214,7.74414,
2.8,1,5,7,6,6,6,0,0,0,0,0,0,0,0,0,0,0,0,4.166,0,4.166,4.166,5.00116,0,5.00116,5.00116,3.0256,0.0742473,2.94126,3.10926,12.1928,0.0742473,12.1084,12.2764,
2.8,8,5,7,6,6,6,0,0,0,0,0,0,0,0,0,0,0,0,4.166,0,4.166,4.166,5.00116,0,5.00116,5.00116,3.89464,0.252017,3.72698,4.39298,13.0618,0.252017,12.8941,13.5601,
2.8,5,4,8,6,6,6,0,0,0,0,0,0,0,0,0,0,0,0,4.166,0,4.166,4.166,5.00116,0,5.00116,5.00116,5.06364,0.156725,4.93698,5.35698,14.2308,0.156725,14.1041,14.5241,
2.8,10,6,8,6,6,6,0,0,0,0,0,0,0,0,0,0,0,0,4.166,0,4.166,4.166,5.00221,0,5.00221,5.00221,3.1436,0.217974,2.97593,3.56193,12.3118,0.217974,12.1441,12.7301,
2.8,7,5,2,6,6,6,0,0,0,0,0,0,0,0,0,0,0,0,4.166,0,4.166,4.166,1.00072,0,1.00072,1.00072,3.45511,0.380215,3.08342,4.06356,8.62183,0.380215,8.25014,9.23028,
2.8,3,3,3,6,6,6,0,0,0,0,0,0,0,0,0,0,0,0,4.166,0,4.166,4.166,0,0,0,0,3.08381,0.0742473,3.00014,3.16814,7.24981,0.0742473,7.16614,7.33414,
2.8,6,4,4,6,6,6,0,0,0,0,0,0,0,0,0,0,0,0,4.166,0,4.166,4.166,0,0,0,0,3.12647,0.197769,2.95814,3.37814,7.29247,0.197769,7.12414,7.54414,
2.8,4,3,5,6,6,6,0,0,0,0,0,0,0,0,0,0,0,0,4.166,0,4.166,4.166,1.00072,0,1.00072,1.00072,2.83375,0.0742473,2.74942,2.91742,8.00047,0.0742473,7.91614,8.08414,
2.8,9,6,6,6,6,6,0,0,0,0,0,0,0,0,0,0,0,0,4.166,0,4.166,4.166,0,0,0,0,3.08381,0.0742473,3.00014,3.16814,7.24981,0.0742473,7.16614,7.33414,
2.9,1,5,7,6,6,6,0,0,0,0,0,0,0,0,0,0,0,0,4.166,0,4.166,4.166,5.00116,0,5.00116,5.00116,3.0296,0.0742473,2.94526,3.11326,12.1968,0.0742473,12.1124,12.2804,
2.9,8,5,7,6,6,6,0,0,0,0,0,0,0,0,0,0,0,0,4.166,0,4.166,4.166,5.00116,0,5.00116,5.00116,3.10698,0.155229,2.98098,3.39698,12.2741,0.155229,12.1481,12.5641,
2.9,5,4,8,6,6,6,0,0,0,0,0,0,0,0,0,0,0,0,4.166,0,4.166,4.166,5.00116,0,5.00116,5.00116,3.77598,0.0751399,3.69098,3.86098,12.9431,0.0751399,12.8581,13.0281,
2.9,10,6,8,6,6,6,0,0,0,0,0,0,0,0,0,0,0,0,4.166,0,4.166,4.166,5.00221,0,5.00221,5.00221,3.68926,0.256832,3.22993,3.89793,12.8575,0.256832,12.3981,13.0661,
2.9,7,5,2,6,6,6,0,0,0,0,0,0,0,0,0,0,0,0,4.166,0,4.166,4.166,1.00072,0,1.00072,1.00072,3.25078,0.342924,3.00342,3.90356,8.4175,0.342924,8.17014,9.07028,
2.9,3,3,3,6,6,6,0,0,0,0,0,0,0,0,0,0,0,0,4.166,0,4.166,4.166,0,0,0,0,2.91519,0.164017,2.75414,3.13443,7.08119,0.164017,6.92014,7.30043,
2.9,6,4,4,6,6,6,0,0,0,0,0,0,0,0,0,0,0,0,4.166,0,4.166,4.166,0,0,0,0,3.33881,0.273062,2.96214,3.71414,7.50481,0.273062,7.12814,7.88014,
2.9,4,3,5,6,6,6,0,0,0,0,0,0,0,0,0,0,0,0,4.166,0,4.166,4.166,1.00072,0,1.00072,1.00072,2.83775,0.0742473,2.75342,2.92142,8.00447,0.0742473,7.92014,8.08814,
2.9,9,6,6,6,6,6,0,0,0,0,0,0,0,0,0,0,0,0,4.166,0,4.166,4.166,0,0,0,0,3.12947,0.125549,3.00414,3.33614,7.29547,0.125549,7.17014,7.50214,
3,1,5,7,6,6,6,0,0,0,0,0,0,0,0,0,0,0,0,4.166,0,4.166,4.166,5.00116,0,5.00116,5.00116,3.0336,0.0742473,2.94926,3.11726,12.2008,0.0742473,12.1164,12.2844,
3,5,4,8,6,6,6,0,0,0,0,0,0,0,0,0,0,0,0,4.166,0,4.166,4.166,5.00116,0,5.00116,5.00116,4.27998,0.0751399,4.19498,4.36498,13.4471,0.0751399,13.3621,13.5321,
3,10,6,8,6,6,6,0,0,0,0,0,0,0,0,0,0,0,0,4.166,0,4.166,4.166,5.00221,0,5.00221,5.00221,3.81826,0.0742473,3.73393,3.90193,12.9865,0.0742473,12.9021,13.0701,
3,7,5,2,6,6,6,0,0,0,0,0,0,0,0,0,0,0,0,4.166,0,4.166,4.166,1.00072,0,1.00072,1.00072,3.29942,0.302152,3.00742,3.84142,8.46614,0.302152,8.17414,9.00814,
3,3,3,3,6,6,6,0,0,0,0,0,0,0,0,0,0,0,0,4.166,0,4.166,4.166,0,0,0,0,3.13347,0.125549,3.00814,3.34014,7.29947,0.125549,7.17414,7.50614,
3,6,4,4,6,6,6,0,0,0,0,0,0,0,0,0,0,0,0,4.166,0,4.166,4.166,0,0,0,0,3.34281,0.287685,3.05014,3.88414,7.50881,0.287685,7.21614,8.05014,
3,4,3,5,6,6,6,0,0,0,0,0,0,0,0,0,0,0,0,4.166,0,4.166,4.166,1.00072,0,1.00072,1.00072,2.84175,0.0742473,2.75742,2.92542,8.00847,0.0742473,7.92414,8.09214,
3,9,6,6,6,6,6,0,0,0,0,0,0,0,0,0,0,0,0,4.166,0,4.166,4.166,0,0,0,0,3.09181,0.0742473,3.00814,3.17614,7.25781,0.0742473,7.17414,7.34214,
3.1,1,5,7,6,6,6,0,0,0,0,0,0,0,0,0,0,0,0,4.166,0,4.166,4.166,5.00116,0,5.00116,5.00116,3.34117,0.446487,2.95326,3.99098,12.5083,0.446487,12.1204,13.1581,
3.1,2,2,8,3,2,2,0,0,0,0,0,0,0,0,0,0,0,0,4.166,0,4.166,4.166,5.06403,0,5.06403,5.06403,6.36911,0.470933,6.03611,6.70211,15.5991,0.470933,15.2661,15.9321,
3.1,5,4,8,6,6,6,0,0,0,0,0,0,0,0,0,0,0,0,4.166,0,4.166,4.166,5.00116,0,5.00116,5.00116,6.28398,1.97516,4.94898,9.03498,15.4511,1.97516,14.1161,18.2021,
3.1,10,6,8,6,6,6,0,0,0,0,0,0,0,0,0,0,0,0,4.166,0,4.166,4.166,5.00221,0,5.00221,5.00221,3.07226,0.0742473,2.98793,3.15593,12.2405,0.0742473,12.1561,12.3241,
3.1,7,5,2,6,6,6,0,0,0,0,0,0,0,0,0,0,0,0,4.166,0,4.166,4.166,1.00072,0,1.00072,1.00072,3.34509,0.0742473,3.26142,3.42942,8.51181,0.0742473,8.42814,8.59614,
3.1,3,3,3,6,6,6,0,0,0,0,0,0,0,0,0,0,0,0,4.166,0,4.166,4.166,0,0,0,0,3.00057,0.185178,2.76214,3.14443,7.16657,0.185178,6.92814,7.31043,
3.1,6,4,4,6,6,6,0,0,0,0,0,0,0,0,0,0,0,0,4.166,0,4.166,4.166,0,0,0,0,3.09681,0.0869636,2.97214,3.22014,7.26281,0.0869636,7.13814,7.38614,
3.1,4,3,5,6,6,6,0,0,0,0,0,0,0,0,0,0,0,0,4.166,0,4.166,4.166,1.00072,0,1.00072,1.00072,2.84575,0.0742473,2.76142,2.92942,8.01247,0.0742473,7.92814,8.09614,
3.1,9,6,6,6,6,6,0,0,0,0,0,0,0,0,0,0,0,0,4.166,0,4.166,4.166,0,0,0,0,3.09581,0.0742473,3.01214,3.18014,7.26181,0.0742473,7.17814,7.34614,
3.2,1,5,7,6,6,6,0,0,0,0,0,0,0,0,0,0,0,0,4.166,0,4.166,4.166,5.00116,0,5.00116,5.00116,3.35707,0.488387,2.99498,4.29126,12.5242,0.488387,12.1621,13.4584,
3.2,2,2,8,6,6,6,0,0,0,0,0,0,0,0,0,0,0,0,4.166,0,4.166,4.166,5.06403,0,5.06403,5.06403,4.91344,0.351515,4.29011,5.37011,14.1435,0.351515,13.5201,14.6001,
3.2,5,4,8,6,6,6,0,0,0,0,0,0,0,0,0,0,0,0,4.166,0,4.166,4.166,5.00116,0,5.00116,5.00116,6.91298,0.201732,6.62298,7.12098,16.0801,0.201732,15.7901,16.2881,
3.2,10,6,8,6,6,6,0,0,0,0,0,0,0,0,0,0,0,0,4.166,0,4.166,4.166,5.00221,0,5.00221,5.00221,3.1596,0.217055,2.99193,3.57593,12.3278,0.217055,12.1601,12.7441,
3.2,7,5,2,6,6,6,0,0,0,0,0,0,0,0,0,0,0,0,4.166,0,4.166,4.166,1.00072,0,1.00072,1.00072,3.22409,0.436076,2.93342,4.09742,8.39081,0.436076,8.10014,9.26414,
3.2,3,3,3,6,6,6,0,0,0,0,0,0,0,0,0,0,0,0,4.166,0,4.166,4.166,0,0,0,0,3.13552,0.640754,2.68414,4.35014,7.30152,0.640754,6.85014,8.51614,
3.2,6,4,4,6,6,6,0,0,0,0,0,0,0,0,0,0,0,0,4.166,0,4.166,4.166,0,0,0,0,3.05914,0.0751399,2.97414,3.14414,7.22514,0.0751399,7.14014,7.31014,
3.2,4,3,5,6,6,6,0,0,0,0,0,0,0,0,0,0,0,0,4.166,0,4.166,4.166,1.00072,0,1.00072,1.00072,2.80809,0.0869636,2.68342,2.93142,7.97481,0.0869636,7.85014,8.09814,
3.2,9,6,6,6,6,6,0,0,0,0,0,0,0,0,0,0,0,0,4.166,0,4.166,4.166,0,0,0,0,3.01647,0.0742473,2.93214,3.10014,7.18247,0.0742473,7.09814,7.26614,
3.3,1,5,7,6,6,6,0,0,0,0,0,0,0,0,0,0,0,0,4.166,0,4.166,4.166,5.00116,0,5.00116,5.00116,3.0575,0.0837538,2.96126,3.16298,12.2247,0.0837538,12.1284,12.3301,
3.3,2,2,8,6,6,6,0,0,0,0,0,0,0,0,0,0,0,0,4.166,0,4.166,4.166,5.06403,0,5.06403,5.06403,6.12577,0.174679,5.95811,6.37411,15.3558,0.174679,15.1881,15.6041,
3.3,5,4,8,6,6,6,0,0,0,0,0,0,0,0,0,0,0,0,4.166,0,4.166,4.166,5.00116,0,5.00116,5.00116,5.04198,0.0751399,4.95698,5.12698,14.2091,0.0751399,14.1241,14.2941,
3.3,10,6,8,6,6,6,0,0,0,0,0,0,0,0,0,0,0,0,4.166,0,4.166,4.166,5.00221,0,5.00221,5.00221,4.113,0.321746,3.49593,4.39607,13.2812,0.321746,12.6641,13.5643,
3.3,7,5,2,6,6,6,0,0,0,0,0,0,0,0,0,0,0,0,4.166,0,4.166,4.166,1.00072,0,1.00072,1.00072,3.31142,0.341022,2.93542,3.76942,8.47814,0.341022,8.10214,8.93614,
3.3,3,3,3,6,6,6,0,0,0,0,0,0,0,0,0,0,0,0,4.166,0,4.166,4.166,0,0,0,0,3.06214,0.202228,2.85214,3.43614,7.22814,0.202228,7.01814,7.60214,
3.3,6,4,4,6,6,6,0,0,0,0,0,0,0,0,0,0,0,0,4.166,0,4.166,4.166,0,0,0,0,3.72981,0.603583,2.97814,4.64614,7.89581,0.603583,7.14414,8.81214,
3.3,4,3,5,6,6,6,0,0,0,0,0,0,0,0,0,0,0,0,4.166,0,4.166,4.166,1.00072,0,1.00072,1.00072,2.77042,0.0751399,2.68542,2.85542,7.93714,0.0751399,7.85214,8.02214,
3.3,9,6,6,6,6,6,0,0,0,0,0,0,0,0,0,0,0,0,4.166,0,4.166,4.166,0,0,0,0,3.02047,0.0742473,2.93614,3.10414,7.18647,0.0742473,7.10214,7.27014,
3.4,1,5,7,6,6,6,0,0,0,0,0,0,0,0,0,0,0,0,4.166,0,4.166,4.166,5.00116,0,5.00116,5.00116,3.83531,0.0742473,3.75098,3.91898,13.0025,0.0742473,12.9181,13.0861,
3.4,2,2,8,6,6,6,0,0,0,0,0,0,0,0,0,0,0,0,4.166,0,4.166,4.166,5.06403,0,5.06403,5.06403,3.79644,0.0742473,3.71211,3.88011,13.0265,0.0742473,12.9421,13.1101,
3.4,5,4,8,6,6,6,0,0,0,0,0,0,0,0,0,0,0,0,4.166,0,4.166,4.166,5.00116,0,5.00116,5.00116,6.25431,0.126343,6.04698,6.38098,15.4215,0.126343,15.2141,15.5481,
3.4,10,6,8,6,6,6,0,0,0,0,0,0,0,0,0,0,0,0,4.166,0,4.166,4.166,5.00221,0,5.00221,5.00221,3.33426,0.0742473,3.24993,3.41793,12.5025,0.0742473,12.4181,12.5861,
3.4,7,5,2,6,6,6,0,0,0,0,0,0,0,0,0,0,0,0,4.166,0,4.166,4.166,1.00072,0,1.00072,1.00072,5.81542,0.970925,3.85542,6.35742,10.9821,0.970925,9.02214,11.5241,
3.4,3,3,3,6,6,6,0,0,0,0,0,0,0,0,0,0,0,0,4.166,0,4.166,4.166,0,0,0,0,2.89352,0.149647,2.69214,3.10614,7.05952,0.149647,6.85814,7.27214,
3.4,6,4,4,6,6,6,0,0,0,0,0,0,0,0,0,0,0,0,4.166,0,4.166,4.166,0,0,0,0,3.18619,0.17532,2.98414,3.48214,7.35219,0.17532,7.15014,7.64814,
3.4,4,3,5,6,6,6,0,0,0,0,0,0,0,0,0,0,0,0,4.166,0,4.166,4.166,1.00072,0,1.00072,1.00072,2.77442,0.0751399,2.68942,2.85942,7.94114,0.0751399,7.85614,8.02614,
3.4,9,6,6,6,6,6,0,0,0,0,0,0,0,0,0,0,0,0,4.166,0,4.166,4.166,0,0,0,0,3.02447,0.0742473,2.94014,3.10814,7.19047,0.0742473,7.10614,7.27414,
3.5,1,5,7,6,6,6,0,0,0,0,0,0,0,0,0,0,0,0,4.166,0,4.166,4.166,5.00116,0,5.00116,5.00116,4.08931,0.0742473,4.00498,4.17298,13.2565,0.0742473,13.1721,13.3401,
3.5,2,2,8,6,6,6,0,0,0,0,0,0,0,0,0,0,0,0,4.166,0,4.166,4.166,5.06403,0,5.06403,5.06403,5.00877,0.088106,4.88211,5.13411,14.2388,0.088106,14.1121,14.3641,
3.5,5,4,8,6,0,0,0,0,0,0,0,0,0,0,0,0,0,0,0,0,0,0,0,0,0,0,0,0,0,0,0,0,0,0,
3.5,10,6,8,6,6,6,0,0,0,0,0,0,0,0,0,0,0,0,4.166,0,4.166,4.166,5.00221,0,5.00221,5.00221,3.25493,0.415748,3.00393,4.08993,12.4231,0.415748,12.1721,13.2581,
3.5,7,5,2,6,6,6,0,0,0,0,0,0,0,0,0,0,0,0,4.166,0,4.166,4.166,1.00072,0,1.00072,1.00072,3.65275,0.840335,3.19542,5.35942,8.81947,0.840335,8.36214,10.5261,
3.5,6,4,4,6,6,6,0,0,0,0,0,0,0,0,0,0,0,0,4.166,0,4.166,4.166,0,0,0,0,3.44614,0.352556,2.98614,4.07014,7.61214,0.352556,7.15214,8.23614,
3.5,4,3,5,6,6,6,0,0,0,0,0,0,0,0,0,0,0,0,4.166,0,4.166,4.166,1.00072,0,1.00072,1.00072,2.77842,0.0751399,2.69342,2.86342,7.94514,0.0751399,7.86014,8.03014,
3.5,9,6,6,6,6,6,0,0,0,0,0,0,0,0,0,0,0,0,4.166,0,4.166,4.166,0,0,0,0,3.02847,0.0742473,2.94414,3.11214,7.19447,0.0742473,7.11014,7.27814,
3.6,1,5,7,6,6,6,0,0,0,0,0,0,0,0,0,0,0,0,4.166,0,4.166,4.166,5.00116,0,5.00116,5.00116,3.46831,0.239922,3.01098,3.67698,12.6355,0.239922,12.1781,12.8441,
3.6,2,2,8,6,6,6,0,0,0,0,0,0,0,0,0,0,0,0,4.166,0,4.166,4.166,5.06403,0,5.06403,5.06403,4.26277,0.45559,3.97011,5.13811,13.4928,0.45559,13.2001,14.3681,
3.6,5,4,8,6,6,4,0,0,0,0,0,0,0,0,0,0,0,0,4.166,0,4.166,4.166,5.00116,0,5.00116,5.00116,10.3456,4.77346,7.21898,17.303,19.5128,4.77346,16.3861,26.4701,
3.6,10,6,8,6,6,6,0,0,0,0,0,0,0,0,0,0,0,0,4.166,0,4.166,4.166,5.00221,0,5.00221,5.00221,3.96726,0.154799,3.75993,4.17393,13.1355,0.154799,12.9281,13.3421,
3.6,7,5,2,6,6,6,0,0,0,0,0,0,0,0,0,0,0,0,4.166,0,4.166,4.166,1.00072,0,1.00072,1.00072,3.61509,0.630962,2.94742,4.61542,8.78181,0.630962,8.11414,9.78214,
3.6,8,5,3,4,4,4,0,0,0,0,0,0,0,0,0,0,0,0,4.166,0,4.166,4.166,1.00072,0,1.00072,1.00072,4.04321,0.432141,3.51742,4.51542,9.20993,0.432141,8.68414,9.68214,
3.6,6,4,4,6,6,6,0,0,0,0,0,0,0,0,0,0,0,0,4.166,0,4.166,4.166,0,0,0,0,3.45014,0.353406,3.24014,4.16014,7.61614,0.353406,7.40614,8.32614,
3.6,4,3,5,6,6,6,0,0,0,0,0,0,0,0,0,0,0,0,4.166,0,4.166,4.166,1.00072,0,1.00072,1.00072,2.78242,0.0751399,2.69742,2.86742,7.94914,0.0751399,7.86414,8.03414,
3.6,9,6,6,6,6,6,0,0,0,0,0,0,0,0,0,0,0,0,4.166,0,4.166,4.166,0,0,0,0,3.60093,0.383697,3.11414,3.99843,7.76693,0.383697,7.28014,8.16443,
3.7,1,5,7,6,6,6,0,0,0,0,0,0,0,0,0,0,0,0,4.166,0,4.166,4.166,5.00116,0,5.00116,5.00116,3.59731,0.0742473,3.51298,3.68098,12.7645,0.0742473,12.6801,12.8481,
3.7,2,2,8,6,6,6,0,0,0,0,0,0,0,0,0,0,0,0,4.166,0,4.166,4.166,5.06403,0,5.06403,5.06403,4.18344,0.273062,3.97411,4.72611,13.4135,0.273062,13.2041,13.9561,
3.7,5,4,8,6,6,6,0,0,0,0,0,0,0,0,0,0,0,0,4.166,0,4.166,4.166,5.00116,0,5.00116,5.00116,5.72464,0.117952,5.55698,5.89098,14.8918,0.117952,14.7241,15.0581,
3.7,10,6,8,6,6,6,0,0,0,0,0,0,0,0,0,0,0,0,4.166,0,4.166,4.166,5.00221,0,5.00221,5.00221,3.22126,0.352651,3.01193,3.92993,12.3895,0.352651,12.1801,13.0981,
3.7,7,5,2,6,6,6,0,0,0,0,0,0,0,0,0,0,0,0,4.166,0,4.166,4.166,1.00072,0,1.00072,1.00072,3.35123,0.197183,3.03742,3.61742,8.51795,0.197183,8.20414,8.78414,
3.7,8,5,3,6,6,6,0,0,0,0,0,0,0,0,0,0,0,0,4.166,0,4.166,4.166,1.00072,0,1.00072,1.00072,3.07928,0.214887,2.89971,3.35342,8.246,0.214887,8.06643,8.52014,
3.7,6,4,4,6,6,6,0,0,0,0,0,0,0,0,0,0,0,0,4.166,0,4.166,4.166,0,0,0,0,3.66247,0.489196,3.24414,4.41414,7.82847,0.489196,7.41014,8.58014,
3.7,4,3,5,6,6,6,0,0,0,0,0,0,0,0,0,0,0,0,4.166,0,4.166,4.166,1.00072,0,1.00072,1.00072,2.78642,0.0751399,2.70142,2.87142,7.95314,0.0751399,7.86814,8.03814,
3.7,9,6,6,6,6,6,0,0,0,0,0,0,0,0,0,0,0,0,4.166,0,4.166,4.166,0,0,0,0,3.24183,0.345201,2.95414,3.85028,7.40783,0.345201,7.12014,8.01628,
3.8,1,5,7,6,6,6,0,0,0,0,0,0,0,0,0,0,0,0,4.166,0,4.166,4.166,5.00116,0,5.00116,5.00116,2.99417,0.0598845,2.93298,3.06726,12.1613,0.0598845,12.1001,12.2344,
3.8,2,2,8,6,6,6,0,0,0,0,0,0,0,0,0,0,0,0,4.166,0,4.166,4.166,5.06403,0,5.06403,5.06403,4.85411,0.155872,4.72811,5.14611,14.0841,0.155872,13.9581,14.3761,
3.8,5,4,8,6,6,6,0,0,0,0,0,0,0,0,0,0,0,0,4.166,0,4.166,4.166,5.00116,0,5.00116,5.00116,8.77031,0.34112,8.47898,9.39698,17.9375,0.34112,17.6461,18.5641,
3.8,10,6,8,6,6,6,0,0,0,0,0,0,0,0,0,0,0,0,4.166,0,4.166,4.166,5.00221,0,5.00221,5.00221,3.85026,0.0742473,3.76593,3.93393,13.0185,0.0742473,12.9341,13.1021,
3.8,7,5,2,6,6,6,0,0,0,0,0,0,0,0,0,0,0,0,4.166,0,4.166,4.166,1.00072,0,1.00072,1.00072,3.37904,0.0869636,3.25571,3.50371,8.54576,0.0869636,8.42243,8.67043,
3.8,8,5,3,6,6,6,0,0,0,0,0,0,0,0,0,0,0,0,4.166,0,4.166,4.166,1.00072,0,1.00072,1.00072,3.22018,0.238403,2.90571,3.52542,8.3869,0.238403,8.07243,8.69214,
3.8,6,4,4,6,6,6,0,0,0,0,0,0,0,0,0,0,0,0,4.166,0,4.166,4.166,0,0,0,0,3.28552,0.362759,3.00014,3.99814,7.45152,0.362759,7.16614,8.16414,
3.8,4,3,5,6,6,6,0,0,0,0,0,0,0,0,0,0,0,0,4.166,0,4.166,4.166,1.00072,0,1.00072,1.00072,2.79042,0.0751399,2.70542,2.87542,7.95714,0.0751399,7.87214,8.04214,
3.8,9,6,6,6,6,6,0,0,0,0,0,0,0,0,0,0,0,0,4.166,0,4.166,4.166,0,0,0,0,4.11785,0.369624,3.37214,4.35628,8.28385,0.369624,7.53814,8.52228,
3.9,1,5,7,6,6,6,0,0,0,0,0,0,0,0,0,0,0,0,4.166,0,4.166,4.166,5.00116,0,5.00116,5.00116,3.64698,0.0877268,3.52098,3.77298,12.8141,0.0877268,12.6881,12.9401,
3.9,2,2,8,6,6,6,0,0,0,0,0,0,0,0,0,0,0,0,4.166,0,4.166,4.166,5.06403,0,5.06403,5.06403,4.44144,0.179896,4.23411,4.65011,13.6715,0.179896,13.4641,13.8801,
3.9,5,4,8,6,6,6,0,0,0,0,0,0,0,0,0,0,0,0,4.166,0,4.166,4.166,5.00116,0,5.00116,5.00116,3.85764,0.088106,3.73098,3.98298,13.0248,0.088106,12.8981,13.1501,
3.9,10,6,8,6,6,6,0,0,0,0,0,0,0,0,0,0,0,0,4.166,0,4.166,4.166,5.00221,0,5.00221,5.00221,3.89593,0.327866,3.35593,4.27193,13.0641,0.327866,12.5241,13.4401,
3.9,7,5,2,6,6,6,0,0,0,0,0,0,0,0,0,0,0,0,4.166,0,4.166,4.166,1.00072,0,1.00072,1.00072,4.1628,0.340202,3.58971,4.54342,9.32952,0.340202,8.75643,9.71014,
3.9,8,5,3,6,5,5,0,0,0,0,0,0,0,0,0,0,0,0,4.166,0,4.166,4.166,1.00072,0,1.00072,1.00072,4.62742,0.460858,4.19542,5.35942,9.79414,0.460858,9.36214,10.5261,
3.9,6,4,4,6,6,6,0,0,0,0,0,0,0,0,0,0,0,0,4.166,0,4.166,4.166,0,0,0,0,3.12881,0.127132,3.00214,3.33814,7.29481,0.127132,7.16814,7.50414,
3.9,4,3,5,6,6,6,0,0,0,0,0,0,0,0,0,0,0,0,4.166,0,4.166,4.166,1.00072,0,1.00072,1.00072,2.79442,0.0751399,2.70942,2.87942,7.96114,0.0751399,7.87614,8.04614,
3.9,9,6,6,6,6,6,0,0,0,0,0,0,0,0,0,0,0,0,4.166,0,4.166,4.166,0,0,0,0,3.29447,0.536575,2.96214,4.37614,7.46047,0.536575,7.12814,8.54214,
4,1,5,7,6,5,5,0,0,0,0,0,0,0,0,0,0,0,0,4.166,0,4.166,4.166,5.00116,0,5.00116,5.00116,4.09258,0.0692156,4.02498,4.19098,13.2597,0.0692156,13.1921,13.3581,
4,2,2,8,6,6,6,0,0,0,0,0,0,0,0,0,0,0,0,4.166,0,4.166,4.166,5.01164,0.025667,5.00116,5.06403,4.5395,0.456555,4.29898,5.46698,13.7171,0.453482,13.4661,14.6341,
4,10,6,8,6,6,6,0,0,0,0,0,0,0,0,0,0,0,0,4.166,0,4.166,4.166,5.00221,0,5.00221,5.00221,3.14993,0.0877268,3.02393,3.27593,12.3181,0.0877268,12.1921,12.4441,
4,7,5,2,6,4,4,0,0,0,0,0,0,0,0,0,0,0,0,4.166,0,4.166,4.166,1.00072,0,1.00072,1.00072,4.65142,0.583735,3.87942,5.21542,9.81814,0.583735,9.04614,10.3821,
4,8,5,3,6,7,7,0,0,0,0,0,0,0,0,0,0,0,0,4.166,0,4.166,4.166,1.00072,0,1.00072,1.00072,3.81713,0.462626,3.44742,4.61342,8.98385,0.462626,8.61414,9.78014,
4,6,4,4,6,6,6,0,0,0,0,0,0,0,0,0,0,0,0,4.166,0,4.166,4.166,0,0,0,0,3.67447,0.2841,3.25614,4.00814,7.84047,0.2841,7.42214,8.17414,
4,4,3,5,6,6,6,0,0,0,0,0,0,0,0,0,0,0,0,4.166,0,4.166,4.166,1.00072,0,1.00072,1.00072,2.79842,0.0751399,2.71342,2.88342,7.96514,0.0751399,7.88014,8.05014,
4,9,6,6,6,6,6,0,0,0,0,0,0,0,0,0,0,0,0,4.166,0,4.166,4.166,0,0,0,0,3.04847,0.0742473,2.96414,3.13214,7.21447,0.0742473,7.13014,7.29814,
4.1,1,5,7,6,6,6,0,0,0,0,0,0,0,0,0,0,0,0,4.166,0,4.166,4.166,5.00116,0,5.00116,5.00116,3.65498,0.0877268,3.52898,3.78098,12.8221,0.0877268,12.6961,12.9481,
4.1,3,3,7,2,2,2,0,0,0,0,0,0,0,0,0,0,0,0,4.166,0,4.166,4.166,5.00116,0,5.00116,5.00116,3.27126,0.294156,3.06326,3.47926,12.4384,0.294156,12.2304,12.6464,
4.1,2,2,8,6,6,6,0,0,0,0,0,0,0,0,0,0,0,0,4.166,0,4.166,4.166,5.00116,0,5.00116,5.00116,3.32184,0.435461,2.93526,4.05498,12.489,0.435461,12.1024,13.2221,
4.1,10,6,8,6,6,6,0,0,0,0,0,0,0,0,0,0,0,0,4.166,0,4.166,4.166,5.00221,0,5.00221,5.00221,3.40095,0.317568,3.11393,3.94593,12.5692,0.317568,12.2821,13.1141,
4.1,7,5,2,6,5,5,0,0,0,0,0,0,0,0,0,0,0,0,4.166,0,4.166,4.166,1.00072,0,1.00072,1.00072,3.48542,0.329985,3.21742,3.88542,8.65214,0.329985,8.38414,9.05214,
4.1,8,5,3,6,6,6,0,0,0,0,0,0,0,0,0,0,0,0,4.166,0,4.166,4.166,1.00072,0,1.00072,1.00072,2.86909,0.196755,2.70142,3.11942,8.03581,0.196755,7.86814,8.28614,
4.1,6,4,4,6,6,6,0,0,0,0,0,0,0,0,0,0,0,0,4.166,0,4.166,4.166,0,0,0,0,3.34514,0.0751399,3.26014,3.43014,7.51114,0.0751399,7.42614,7.59614,
4.1,4,3,5,6,6,6,0,0,0,0,0,0,0,0,0,0,0,0,4.166,0,4.166,4.166,1.00072,0,1.00072,1.00072,2.80242,0.0751399,2.71742,2.88742,7.96914,0.0751399,7.88414,8.05414,
4.1,9,6,6,6,6,6,0,0,0,0,0,0,0,0,0,0,0,0,4.166,0,4.166,4.166,0,0,0,0,3.00485,0.191868,2.72014,3.26643,7.17085,0.191868,6.88614,7.43243,
4.2,1,5,7,6,6,6,0,0,0,0,0,0,0,0,0,0,0,0,4.166,0,4.166,4.166,5.00116,0,5.00116,5.00116,5.68279,0.15909,5.44898,5.83326,14.8499,0.15909,14.6161,15.0004,
4.2,3,3,7,6,6,6,0,0,0,0,0,0,0,0,0,0,0,0,4.166,0,4.166,4.166,5.00116,0,5.00116,5.00116,3.14298,0.155229,3.01698,3.43298,12.3101,0.155229,12.1841,12.6001,
4.2,2,2,8,6,6,6,0,0,0,0,0,0,0,0,0,0,0,0,4.166,0,4.166,4.166,5.00116,0,5.00116,5.00116,5.05798,0.0751399,4.97298,5.14298,14.2251,0.0751399,14.1401,14.3101,
4.2,10,6,8,6,6,6,0,0,0,0,0,0,0,0,0,0,0,0,4.166,0,4.166,4.166,5.00221,0,5.00221,5.00221,3.11626,0.253599,2.94793,3.61793,12.2845,0.253599,12.1161,12.7861,
4.2,7,5,2,6,6,6,0,0,0,0,0,0,0,0,0,0,0,0,4.166,0,4.166,4.166,1.00072,0,1.00072,1.00072,3.76409,0.407631,3.13742,4.30542,8.93081,0.407631,8.30414,9.47214,
4.2,8,5,3,6,6,6,0,0,0,0,0,0,0,0,0,0,0,0,4.166,0,4.166,4.166,1.00072,0,1.00072,1.00072,3.95642,0.566609,3.45742,4.70542,9.12314,0.566609,8.62414,9.87214,
4.2,6,4,4,6,6,6,0,0,0,0,0,0,0,0,0,0,0,0,4.166,0,4.166,4.166,0,0,0,0,3.34914,0.117669,3.18214,3.51414,7.51514,0.117669,7.34814,7.68014,
4.2,4,3,5,6,6,6,0,0,0,0,0,0,0,0,0,0,0,0,4.166,0,4.166,4.166,1.00072,0,1.00072,1.00072,2.80642,0.0751399,2.72142,2.89142,7.97314,0.0751399,7.88814,8.05814,
4.2,9,6,6,6,6,6,0,0,0,0,0,0,0,0,0,0,0,0,4.166,0,4.166,4.166,0,0,0,0,3.13981,0.174105,2.97414,3.47214,7.30581,0.174105,7.14014,7.63814,
4.3,1,5,7,6,6,6,0,0,0,0,0,0,0,0,0,0,0,0,4.166,0,4.166,4.166,5.00116,0,5.00116,5.00116,3.37131,0.174105,3.20498,3.70298,12.5385,0.174105,12.3721,12.8701,
4.3,3,3,7,6,6,6,0,0,0,0,0,0,0,0,0,0,0,0,4.166,0,4.166,4.166,5.00116,0,5.00116,5.00116,3.21841,0.479253,2.93698,4.18898,12.3856,0.479253,12.1041,13.3561,
4.3,2,2,8,6,6,6,0,0,0,0,0,0,0,0,0,0,0,0,4.166,0,4.166,4.166,5.00116,0,5.00116,5.00116,4.89531,0.551827,4.47898,5.97698,14.0625,0.551827,13.6461,15.1441,
4.3,10,6,8,6,6,6,0,0,0,0,0,0,0,0,0,0,0,0,4.166,0,4.166,4.166,5.00221,0,5.00221,5.00221,3.49526,0.352651,2.95193,3.86993,12.6635,0.352651,12.1201,13.0381,
4.3,7,5,2,6,6,6,0,0,0,0,0,0,0,0,0,0,0,0,4.166,0,4.166,4.166,1.00072,0,1.00072,1.00072,4.30678,0.233629,4.06142,4.72542,9.4735,0.233629,9.22814,9.89214,
4.3,8,5,3,6,6,6,0,0,0,0,0,0,0,0,0,0,0,0,4.166,0,4.166,4.166,1.00072,0,1.00072,1.00072,3.71042,0.216439,3.46142,3.95942,8.87714,0.216439,8.62814,9.12614,
4.3,6,4,4,6,6,6,0,0,0,0,0,0,0,0,0,0,0,0,4.166,0,4.166,4.166,0,0,0,0,3.06147,0.125549,2.93614,3.26814,7.22747,0.125549,7.10214,7.43414,
4.3,4,3,5,6,6,6,0,0,0,0,0,0,0,0,0,0,0,0,4.166,0,4.166,4.166,1.00072,0,1.00072,1.00072,2.81042,0.0751399,2.72542,2.89542,7.97714,0.0751399,7.89214,8.06214,
4.3,9,6,6,6,6,6,0,0,0,0,0,0,0,0,0,0,0,0,4.166,0,4.166,4.166,0,0,0,0,3.06047,0.0742473,2.97614,3.14414,7.22647,0.0742473,7.14214,7.31014,
4.4,1,5,7,6,6,6,0,0,0,0,0,0,0,0,0,0,0,0,4.166,0,4.166,4.166,5.00116,0,5.00116,5.00116,3.50031,0.302263,2.95698,3.87498,12.6675,0.302263,12.1241,13.0421,
4.4,3,3,7,6,6,6,0,0,0,0,0,0,0,0,0,0,0,0,4.166,0,4.166,4.166,5.00116,0,5.00116,5.00116,3.10336,0.255597,2.94098,3.60898,12.2705,0.255597,12.1081,12.7761,
4.4,2,2,8,6,6,6,0,0,0,0,0,0,0,0,0,0,0,0,4.166,0,4.166,4.166,5.00116,0,5.00116,5.00116,3.35764,0.473036,2.98298,4.14898,12.5248,0.473036,12.1501,13.3161,
4.4,10,6,8,6,6,6,0,0,0,0,0,0,0,0,0,0,0,0,4.166,0,4.166,4.166,5.00221,0,5.00221,5.00221,3.12129,0.145542,2.95593,3.29193,12.2895,0.145542,12.1241,12.4601,
4.4,7,5,2,6,6,6,0,0,0,0,0,0,0,0,0,0,0,0,4.166,0,4.166,4.166,1.00072,0,1.00072,1.00072,3.66494,0.503027,3.27771,4.44571,8.83166,0.503027,8.44443,9.61243,
4.4,8,5,3,6,6,6,0,0,0,0,0,0,0,0,0,0,0,0,4.166,0,4.166,4.166,1.00072,0,1.00072,1.00072,3.10728,0.214887,2.92771,3.38142,8.274,0.214887,8.09443,8.54814,
4.4,6,4,4,6,6,6,0,0,0,0,0,0,0,0,0,0,0,0,4.166,0,4.166,4.166,0,0,0,0,3.19047,0.325135,2.94014,3.77414,7.35647,0.325135,7.10614,7.94014,
4.4,4,3,5,6,6,6,0,0,0,0,0,0,0,0,0,0,0,0,4.166,0,4.166,4.166,1.00072,0,1.00072,1.00072,2.81442,0.0751399,2.72942,2.89942,7.98114,0.0751399,7.89614,8.06614,
4.4,9,6,6,6,6,6,0,0,0,0,0,0,0,0,0,0,0,0,4.166,0,4.166,4.166,0,0,0,0,3.06447,0.0742473,2.98014,3.14814,7.23047,0.0742473,7.14614,7.31414,
4.5,1,5,7,6,6,6,0,0,0,0,0,0,0,0,0,0,0,0,4.166,0,4.166,4.166,5.00116,0,5.00116,5.00116,3.79598,0.0751399,3.71098,3.88098,12.9631,0.0751399,12.8781,13.0481,
4.5,3,3,7,6,6,6,0,0,0,0,0,0,0,0,0,0,0,0,4.166,0,4.166,4.166,5.00116,0,5.00116,5.00116,3.02998,0.0751399,2.94498,3.11498,12.1971,0.0751399,12.1121,12.2821,
4.5,2,2,8,6,6,6,0,0,0,0,0,0,0,0,0,0,0,0,4.166,0,4.166,4.166,5.00116,0,5.00116,5.00116,4.65331,0.174679,4.48498,4.90298,13.8205,0.174679,13.6521,14.0701,
4.5,10,6,8,6,6,6,0,0,0,0,0,0,0,0,0,0,0,0,4.166,0,4.166,4.166,5.00221,0,5.00221,5.00221,3.29493,0.384247,2.95993,3.96193,12.4631,0.384247,12.1281,13.1301,
4.5,7,5,2,6,6,6,0,0,0,0,0,0,0,0,0,0,0,0,4.166,0,4.166,4.166,1.00072,0,1.00072,1.00072,3.49037,0.156725,3.36371,3.78371,8.65709,0.156725,8.53043,8.95043,
4.5,8,5,3,6,6,6,0,0,0,0,0,0,0,0,0,0,0,0,4.166,0,4.166,4.166,1.00072,0,1.00072,1.00072,3.2839,0.165688,3.01571,3.46942,8.45062,0.165688,8.18243,8.63614,
4.5,4,3,5,6,6,6,0,0,0,0,0,0,0,0,0,0,0,0,4.166,0,4.166,4.166,1.00072,0,1.00072,1.00072,2.81842,0.0751399,2.73342,2.90342,7.98514,0.0751399,7.90014,8.07014,
4.5,9,6,6,6,6,6,0,0,0,0,0,0,0,0,0,0,0,0,4.166,0,4.166,4.166,0,0,0,0,3.06847,0.0742473,2.98414,3.15214,7.23447,0.0742473,7.15014,7.31814,
4.6,1,5,7,6,6,6,0,0,0,0,0,0,0,0,0,0,0,0,4.166,0,4.166,4.166,5.00116,0,5.00116,5.00116,3.01426,0.0751399,2.92926,3.09926,12.1814,0.0751399,12.0964,12.2664,
4.6,3,3,7,6,6,6,0,0,0,0,0,0,0,0,0,0,0,0,4.166,0,4.166,4.166,5.00116,0,5.00116,5.00116,3.03398,0.0751399,2.94898,3.11898,12.2011,0.0751399,12.1161,12.2861,
4.6,2,2,8,6,6,6,0,0,0,0,0,0,0,0,0,0,0,0,4.166,0,4.166,4.166,5.00116,0,5.00116,5.00116,4.86564,0.0869636,4.74098,4.98898,14.0328,0.0869636,13.9081,14.1561,
4.6,10,6,8,6,6,6,0,0,0,0,0,0,0,0,0,0,0,0,4.166,0,4.166,4.166,5.00221,0,5.00221,5.00221,3.04893,0.0751399,2.96393,3.13393,12.2171,0.0751399,12.1321,12.3021,
4.6,7,5,2,6,6,6,0,0,0,0,0,0,0,0,0,0,0,0,4.166,0,4.166,4.166,1.00072,0,1.00072,1.00072,4.39913,0.695171,3.61771,5.48742,9.56585,0.695171,8.78443,10.6541,
4.6,8,5,3,6,5,5,0,0,0,0,0,0,0,0,0,0,0,0,4.166,0,4.166,4.166,1.00072,0,1.00072,1.00072,4.65542,0.709852,4.22142,5.88742,9.82214,0.709852,9.38814,11.0541,
4.6,5,4,4,3,2,2,0,0,0,0,0,0,0,0,0,0,0,0,4.166,0,4.166,4.166,0,0,0,0,4.80814,0.64771,4.35014,5.26614,8.97414,0.64771,8.51614,9.43214,
4.6,4,3,5,6,6,6,0,0,0,0,0,0,0,0,0,0,0,0,4.166,0,4.166,4.166,1.00072,0,1.00072,1.00072,2.82242,0.0751399,2.73742,2.90742,7.98914,0.0751399,7.90414,8.07414,
4.6,9,6,6,6,6,6,0,0,0,0,0,0,0,0,0,0,0,0,4.166,0,4.166,4.166,0,0,0,0,3.15581,0.174105,2.99014,3.48814,7.32181,0.174105,7.15614,7.65414,
4.7,1,5,7,6,6,6,0,0,0,0,0,0,0,0,0,0,0,0,4.166,0,4.166,4.166,5.00116,0,5.00116,5.00116,3.59564,0.223075,3.30298,3.88898,12.7628,0.223075,12.4701,13.0561,
4.7,3,3,7,6,6,6,0,0,0,0,0,0,0,0,0,0,0,0,4.166,0,4.166,4.166,5.00116,0,5.00116,5.00116,3.11536,0.255597,2.95298,3.62098,12.2825,0.255597,12.1201,12.7881,
4.7,2,2,8,6,6,6,0,0,0,0,0,0,0,0,0,0,0,0,4.166,0,4.166,4.166,5.00116,0,5.00116,5.00116,4.49464,0.371904,4.24498,5.24298,13.6618,0.371904,13.4121,14.4101,
4.7,10,6,8,6,6,6,0,0,0,0,0,0,0,0,0,0,0,0,4.166,0,4.166,4.166,5.00221,0,5.00221,5.00221,3.05293,0.0751399,2.96793,3.13793,12.2211,0.0751399,12.1361,12.3061,
4.7,7,5,2,6,6,6,0,0,0,0,0,0,0,0,0,0,0,0,4.166,0,4.166,4.166,1.00072,0,1.00072,1.00072,3.94778,0.199778,3.65942,4.15742,9.1145,0.199778,8.82614,9.32414,
4.7,8,5,3,6,7,7,0,0,0,0,0,0,0,0,0,0,0,0,4.166,0,4.166,4.166,1.00072,0,1.00072,1.00072,3.77371,0.342087,3.47542,4.30742,8.94043,0.342087,8.64214,9.47414,
4.7,5,4,4,6,7,7,0,0,0,0,0,0,0,0,0,0,0,0,4.166,0,4.166,4.166,0,0,0,0,3.61471,0.181592,3.43614,3.93414,7.78071,0.181592,7.60214,8.10014,
4.7,4,3,5,6,6,6,0,0,0,0,0,0,0,0,0,0,0,0,4.166,0,4.166,4.166,1.00072,0,1.00072,1.00072,2.82642,0.0751399,2.74142,2.91142,7.99314,0.0751399,7.90814,8.07814,
4.7,9,6,6,6,6,6,0,0,0,0,0,0,0,0,0,0,0,0,4.166,0,4.166,4.166,0,0,0,0,3.07647,0.0742473,2.99214,3.16014,7.24247,0.0742473,7.15814,7.32614,
4.8,1,5,7,6,6,6,0,0,0,0,0,0,0,0,0,0,0,0,4.166,0,4.166,4.166,5.00116,0,5.00116,5.00116,3.14131,0.174105,2.97498,3.47298,12.3085,0.174105,12.1421,12.6401,
4.8,3,3,7,6,6,6,0,0,0,0,0,0,0,0,0,0,0,0,4.166,0,4.166,4.166,5.00116,0,5.00116,5.00116,3.12531,0.253599,2.95698,3.62698,12.2925,0.253599,12.1241,12.7941,
4.8,2,2,8,6,6,6,0,0,0,0,0,0,0,0,0,0,0,0,4.166,0,4.166,4.166,5.00116,0,5.00116,5.00116,4.74864,0.217974,4.33098,4.91698,13.9158,0.217974,13.4981,14.0841,
4.8,10,6,8,6,6,6,0,0,0,0,0,0,0,0,0,0,0,0,4.166,0,4.166,4.166,5.00221,0,5.00221,5.00221,3.0986,0.0869636,2.97393,3.22193,12.2668,0.0869636,12.1421,12.3901,
4.8,7,5,2,6,6,6,0,0,0,0,0,0,0,0,0,0,0,0,4.166,0,4.166,4.166,1.00072,0,1.00072,1.00072,3.78809,0.315218,3.57942,4.41342,8.95481,0.315218,8.74614,9.58014,
4.8,8,5,3,6,6,6,0,0,0,0,0,0,0,0,0,0,0,0,4.166,0,4.166,4.166,1.00072,0,1.00072,1.00072,3.64709,0.196755,3.47942,3.89742,8.81381,0.196755,8.64614,9.06414,
4.8,5,4,4,6,5,5,0,0,0,0,0,0,0,0,0,0,0,0,4.166,0,4.166,4.166,0,0,0,0,5.04014,0.387479,4.35814,5.27414,9.20614,0.387479,8.52414,9.44014,
4.8,4,3,5,6,6,6,0,0,0,0,0,0,0,0,0,0,0,0,4.166,0,4.166,4.166,1.00072,0,1.00072,1.00072,2.83042,0.0751399,2.74542,2.91542,7.99714,0.0751399,7.91214,8.08214,
4.8,9,6,6,6,6,6,0,0,0,0,0,0,0,0,0,0,0,0,4.166,0,4.166,4.166,0,0,0,0,3.20547,0.156725,2.99614,3.41414,7.37147,0.156725,7.16214,7.58014,
4.9,1,5,7,6,6,6,0,0,0,0,0,0,0,0,0,0,0,0,4.166,0,4.166,4.166,5.00116,0,5.00116,5.00116,4.31198,0.0751399,4.22698,4.39698,13.4791,0.0751399,13.3941,13.5641,
4.9,3,3,7,6,6,6,0,0,0,0,0,0,0,0,0,0,0,0,4.166,0,4.166,4.166,5.00116,0,5.00116,5.00116,3.04003,0.0766346,2.96098,3.13098,12.2072,0.0766346,12.1281,12.2981,
4.9,2,2,8,6,6,6,0,0,0,0,0,0,0,0,0,0,0,0,4.166,0,4.166,4.166,5.00116,0,5.00116,5.00116,4.29431,0.156725,4.00098,4.42098,13.4615,0.156725,13.1681,13.5881,
4.9,10,6,8,6,6,6,0,0,0,0,0,0,0,0,0,0,0,0,4.166,0,4.166,4.166,5.00221,0,5.00221,5.00221,3.1026,0.127132,2.97593,3.31193,12.2708,0.127132,12.1441,12.4801,
4.9,7,5,2,6,6,6,0,0,0,0,0,0,0,0,0,0,0,0,4.166,0,4.166,4.166,1.00072,0,1.00072,1.00072,4.58375,0.514113,3.66542,5.24942,9.75047,0.514113,8.83214,10.4161,
4.9,8,5,3,6,6,6,0,0,0,0,0,0,0,0,0,0,0,0,4.166,0,4.166,4.166,1.00072,0,1.00072,1.00072,3.65109,0.196755,3.48342,3.90142,8.81781,0.196755,8.65014,9.06814,
4.9,5,4,4,6,6,6,0,0,0,0,0,0,0,0,0,0,0,0,4.166,0,4.166,4.166,0,0,0,0,4.02714,0.0751399,3.94214,4.11214,8.19314,0.0751399,8.10814,8.27814,
4.9,4,3,5,6,6,6,0,0,0,0,0,0,0,0,0,0,0,0,4.166,0,4.166,4.166,1.00072,0,1.00072,1.00072,2.83442,0.0751399,2.74942,2.91942,8.00114,0.0751399,7.91614,8.08614,
4.9,9,6,6,6,6,6,0,0,0,0,0,0,0,0,0,0,0,0,4.166,0,4.166,4.166,0,0,0,0,3.37614,0.202228,3.16614,3.75014,7.54214,0.202228,7.33214,7.91614,
