Time,ueId,assoCell,compCell,reqCount,taskCount,succCount,upWlMea,upWlStd,upWlMin,upWlMax,upWdMea,upWdStd,upWdMin,upWdMax,queMea,queStd,queMin,queMax,compMea, compStd, compMin, compMax,dnWdMea, dnWdStd, dnWdMin, dnWdMax,dnWlMea,dnWlStd, dnWlMin, dnWlMax,e2eMea,e2eStd,e2eMin,e2eMax
1.1,2,2,2,6,5,5,0,0,0,0,0,0,0,0,0,0,0,0,4.166,0,4.166,4.166,0,0,0,0,4.63414,0.224477,4.43414,5.01614,8.80014,0.224477,8.60014,9.18214,
1.1,1,2,3,6,5,5,0,0,0,0,0,0,0,0,0,0,0,0,4.166,0,4.166,4.166,1.00072,0,1.00072,1.00072,4.52628,0.224477,4.32628,4.90828,9.693,0.224477,9.493,10.075,
1.1,16,4,4,6,5,5,0,0,0,0,0,0,0,0,0,0,0,0,4.166,0,4.166,4.166,0,0,0,0,2.88414,0.224477,2.68414,3.26614,7.05014,0.224477,6.85014,7.43214,
1.1,23,5,5,6,5,5,0,0,0,0,0,0,0,0,0,0,0,0,4.166,0,4.166,4.166,0,0,0,0,2.88414,0.224477,2.68414,3.26614,7.05014,0.224477,6.85014,7.43214,
1.1,9,3,6,5,5,5,0,0,0,0,0,0,0,0,0,0,0,0,4.166,0,4.166,4.166,1.00072,0,1.00072,1.00072,2.88342,0.224477,2.68342,3.26542,8.05014,0.224477,7.85014,8.43214,
1.2,2,2,2,6,6,6,0,0,0,0,0,0,0,0,0,0,0,0,4.166,0,4.166,4.166,0,0,0,0,4.52114,0.0751399,4.43614,4.60614,8.68714,0.0751399,8.60214,8.77214,
1.2,1,2,3,6,6,6,0,0,0,0,0,0,0,0,0,0,0,0,4.166,0,4.166,4.166,1.00072,0,1.00072,1.00072,4.41328,0.0751399,4.32828,4.49828,9.58,0.0751399,9.495,9.665,
1.2,16,4,4,6,6,6,0,0,0,0,0,0,0,0,0,0,0,0,4.166,0,4.166,4.166,0,0,0,0,2.77114,0.0751399,2.68614,2.85614,6.93714,0.0751399,6.85214,7.02214,
1.2,23,5,5,6,6,6,0,0,0,0,0,0,0,0,0,0,0,0,4.166,0,4.166,4.166,0,0,0,0,2.77114,0.0751399,2.68614,2.85614,6.93714,0.0751399,6.85214,7.02214,
1.2,9,3,6,6,6,6,0,0,0,0,0,0,0,0,0,0,0,0,4.166,0,4.166,4.166,1.00072,0,1.00072,1.00072,2.77042,0.0751399,2.68542,2.85542,7.93714,0.0751399,7.85214,8.02214,
1.3,2,2,2,6,6,6,0,0,0,0,0,0,0,0,0,0,0,0,4.166,0,4.166,4.166,0,0,0,0,4.52514,0.0751399,4.44014,4.61014,8.69114,0.0751399,8.60614,8.77614,
1.3,1,2,3,6,6,6,0,0,0,0,0,0,0,0,0,0,0,0,4.166,0,4.166,4.166,1.00072,0,1.00072,1.00072,4.41728,0.0751399,4.33228,4.50228,9.584,0.0751399,9.499,9.669,
1.3,16,4,4,6,6,6,0,0,0,0,0,0,0,0,0,0,0,0,4.166,0,4.166,4.166,0,0,0,0,2.77514,0.0751399,2.69014,2.86014,6.94114,0.0751399,6.85614,7.02614,
1.3,23,5,5,6,6,6,0,0,0,0,0,0,0,0,0,0,0,0,4.166,0,4.166,4.166,0,0,0,0,2.77514,0.0751399,2.69014,2.86014,6.94114,0.0751399,6.85614,7.02614,
1.3,9,3,6,6,6,6,0,0,0,0,0,0,0,0,0,0,0,0,4.166,0,4.166,4.166,1.00072,0,1.00072,1.00072,2.77442,0.0751399,2.68942,2.85942,7.94114,0.0751399,7.85614,8.02614,
1.4,2,2,2,6,6,6,0,0,0,0,0,0,0,0,0,0,0,0,4.166,0,4.166,4.166,0,0,0,0,4.52914,0.0751399,4.44414,4.61414,8.69514,0.0751399,8.61014,8.78014,
1.4,1,2,3,6,6,6,0,0,0,0,0,0,0,0,0,0,0,0,4.166,0,4.166,4.166,1.00072,0,1.00072,1.00072,4.42128,0.0751399,4.33628,4.50628,9.588,0.0751399,9.503,9.673,
1.4,16,4,4,6,6,6,0,0,0,0,0,0,0,0,0,0,0,0,4.166,0,4.166,4.166,0,0,0,0,2.77914,0.0751399,2.69414,2.86414,6.94514,0.0751399,6.86014,7.03014,
1.4,23,5,5,6,6,6,0,0,0,0,0,0,0,0,0,0,0,0,4.166,0,4.166,4.166,0,0,0,0,2.77914,0.0751399,2.69414,2.86414,6.94514,0.0751399,6.86014,7.03014,
1.4,9,3,6,6,6,6,0,0,0,0,0,0,0,0,0,0,0,0,4.166,0,4.166,4.166,1.00072,0,1.00072,1.00072,2.77842,0.0751399,2.69342,2.86342,7.94514,0.0751399,7.86014,8.03014,
1.5,1,2,3,6,6,6,0,0,0,0,0,0,0,0,0,0,0,0,4.166,0,4.166,4.166,1.00072,0,1.00072,1.00072,3.05623,0.632154,2.69942,4.34028,8.22295,0.632154,7.86614,9.507,
1.5,16,4,4,6,6,6,0,0,0,0,0,0,0,0,0,0,0,0,4.166,0,4.166,4.166,0,0,0,0,2.78314,0.0751399,2.69814,2.86814,6.94914,0.0751399,6.86414,7.03414,
1.5,23,5,5,6,6,6,0,0,0,0,0,0,0,0,0,0,0,0,4.166,0,4.166,4.166,0,0,0,0,2.78314,0.0751399,2.69814,2.86814,6.94914,0.0751399,6.86414,7.03414,
1.5,9,3,6,6,6,6,0,0,0,0,0,0,0,0,0,0,0,0,4.166,0,4.166,4.166,1.00072,0,1.00072,1.00072,2.78242,0.0751399,2.69742,2.86742,7.94914,0.0751399,7.86414,8.03414,
1.6,29,6,7,5,5,5,0,0,0,0,0,0,0,0,0,0,0,0,4.166,0,4.166,4.166,5.00116,0,5.00116,5.00116,3.10441,0.216965,2.93298,3.47926,12.2716,0.216965,12.1001,12.6464,
1.6,4,3,8,6,5,5,0,0,0,0,0,0,0,0,0,0,0,0,4.166,0,4.166,4.166,5.00116,0,5.00116,5.00116,4.99369,1.33076,4.19555,7.35426,14.1609,1.33076,13.3627,16.5214,
1.6,12,3,8,6,5,4,0,0,0,0,0,0,0,0,0,0,0,0,4.166,0,4.166,4.166,5.00116,0,5.00116,5.00116,6.06155,0.960788,5.51698,7.76498,15.2287,0.960788,14.6841,16.9321,
1.6,17,4,8,6,5,5,0,0,0,0,0,0,0,0,0,0,0,0,4.166,0,4.166,4.166,5.00116,0,5.00116,5.00116,3.10441,0.216965,2.93298,3.47926,12.2716,0.216965,12.1001,12.6464,
1.6,8,3,2,6,5,5,0,0,0,0,0,0,0,0,0,0,0,0,4.166,0,4.166,4.166,1.00072,0,1.00072,1.00072,5.91199,1.00177,5.26742,7.65828,11.0787,1.00177,10.4341,12.825,
1.6,1,2,3,6,6,6,0,0,0,0,0,0,0,0,0,0,0,0,4.166,0,4.166,4.166,1.00072,0,1.00072,1.00072,2.78642,0.0751399,2.70142,2.87142,7.95314,0.0751399,7.86814,8.03814,
1.6,16,4,4,6,6,6,0,0,0,0,0,0,0,0,0,0,0,0,4.166,0,4.166,4.166,0,0,0,0,2.78714,0.0751399,2.70214,2.87214,6.95314,0.0751399,6.86814,7.03814,
1.6,23,5,5,6,6,6,0,0,0,0,0,0,0,0,0,0,0,0,4.166,0,4.166,4.166,0,0,0,0,2.78714,0.0751399,2.70214,2.87214,6.95314,0.0751399,6.86814,7.03814,
1.6,9,3,6,6,6,6,0,0,0,0,0,0,0,0,0,0,0,0,4.166,0,4.166,4.166,1.00072,0,1.00072,1.00072,4.03642,0.994508,2.70142,5.78542,9.20314,0.994508,7.86814,10.9521,
1.7,29,6,7,6,6,6,0,0,0,0,0,0,0,0,0,0,0,0,4.166,0,4.166,4.166,5.00116,0,5.00116,5.00116,2.99617,0.0598845,2.93498,3.06926,12.1633,0.0598845,12.1021,12.2364,
1.7,4,3,8,6,6,6,0,0,0,0,0,0,0,0,0,0,0,0,4.166,0,4.166,4.166,5.00116,0,5.00116,5.00116,4.32355,0.155229,4.19755,4.61355,13.4907,0.155229,13.3647,13.7807,
1.7,12,3,8,6,6,6,0,0,0,0,0,0,0,0,0,0,0,0,4.166,0,4.166,4.166,5.00116,0,5.00116,5.00116,5.60331,0.0742473,5.51898,5.68698,14.7705,0.0742473,14.6861,14.8541,
1.7,17,4,8,6,6,6,0,0,0,0,0,0,0,0,0,0,0,0,4.166,0,4.166,4.166,5.00116,0,5.00116,5.00116,2.99617,0.0598845,2.93498,3.06926,12.1633,0.0598845,12.1021,12.2364,
1.7,8,3,2,6,6,6,0,0,0,0,0,0,0,0,0,0,0,0,4.166,0,4.166,4.166,1.00072,0,1.00072,1.00072,5.35375,0.0742473,5.26942,5.43742,10.5205,0.0742473,10.4361,10.6041,
1.7,1,2,3,6,6,6,0,0,0,0,0,0,0,0,0,0,0,0,4.166,0,4.166,4.166,1.00072,0,1.00072,1.00072,2.79042,0.0751399,2.70542,2.87542,7.95714,0.0751399,7.87214,8.04214,
1.7,16,4,4,6,6,6,0,0,0,0,0,0,0,0,0,0,0,0,4.166,0,4.166,4.166,0,0,0,0,2.79114,0.0751399,2.70614,2.87614,6.95714,0.0751399,6.87214,7.04214,
1.7,23,5,5,6,6,6,0,0,0,0,0,0,0,0,0,0,0,0,4.166,0,4.166,4.166,0,0,0,0,2.79114,0.0751399,2.70614,2.87614,6.95714,0.0751399,6.87214,7.04214,
1.7,9,3,6,6,6,6,0,0,0,0,0,0,0,0,0,0,0,0,4.166,0,4.166,4.166,1.00072,0,1.00072,1.00072,3.87375,0.0742473,3.78942,3.95742,9.04047,0.0742473,8.95614,9.12414,
1.8,29,6,7,6,6,6,0,0,0,0,0,0,0,0,0,0,0,0,4.166,0,4.166,4.166,5.00116,0,5.00116,5.00116,2.99719,0.0637345,2.92312,3.07326,12.1644,0.0637345,12.0903,12.2404,
1.8,4,3,8,6,6,6,0,0,0,0,0,0,0,0,0,0,0,0,4.166,0,4.166,4.166,5.00116,0,5.00116,5.00116,4.20255,0.0751399,4.11755,4.28755,13.3697,0.0751399,13.2847,13.4547,
1.8,12,3,8,6,6,6,0,0,0,0,0,0,0,0,0,0,0,0,4.166,0,4.166,4.166,5.00116,0,5.00116,5.00116,5.50612,0.105434,5.33384,5.60898,14.6733,0.105434,14.501,14.7761,
1.8,17,4,8,6,6,6,0,0,0,0,0,0,0,0,0,0,0,0,4.166,0,4.166,4.166,5.00116,0,5.00116,5.00116,2.99719,0.0637345,2.92312,3.07326,12.1644,0.0637345,12.0903,12.2404,
1.8,8,3,2,6,6,6,0,0,0,0,0,0,0,0,0,0,0,0,4.166,0,4.166,4.166,1.00072,0,1.00072,1.00072,5.27442,0.0751399,5.18942,5.35942,10.4411,0.0751399,10.3561,10.5261,
1.8,1,2,3,6,6,6,0,0,0,0,0,0,0,0,0,0,0,0,4.166,0,4.166,4.166,1.00072,0,1.00072,1.00072,2.79442,0.0751399,2.70942,2.87942,7.96114,0.0751399,7.87614,8.04614,
1.8,16,4,4,6,6,6,0,0,0,0,0,0,0,0,0,0,0,0,4.166,0,4.166,4.166,0,0,0,0,2.79514,0.0751399,2.71014,2.88014,6.96114,0.0751399,6.87614,7.04614,
1.8,23,5,5,6,6,6,0,0,0,0,0,0,0,0,0,0,0,0,4.166,0,4.166,4.166,0,0,0,0,2.79514,0.0751399,2.71014,2.88014,6.96114,0.0751399,6.87614,7.04614,
1.8,9,3,6,6,6,6,0,0,0,0,0,0,0,0,0,0,0,0,4.166,0,4.166,4.166,1.00072,0,1.00072,1.00072,3.83013,0.0775458,3.71142,3.92371,8.99685,0.0775458,8.87814,9.09043,
1.9,29,6,7,6,6,6,0,0,0,0,0,0,0,0,0,0,0,0,4.166,0,4.166,4.166,5.00116,0,5.00116,5.00116,2.99226,0.0751399,2.90726,3.07726,12.1594,0.0751399,12.0744,12.2444,
1.9,4,3,8,6,6,6,0,0,0,0,0,0,0,0,0,0,0,0,4.166,0,4.166,4.166,5.00116,0,5.00116,5.00116,4.20655,0.0751399,4.12155,4.29155,13.3737,0.0751399,13.2887,13.4587,
1.9,12,3,8,6,6,6,0,0,0,0,0,0,0,0,0,0,0,0,4.166,0,4.166,4.166,5.00116,0,5.00116,5.00116,5.52798,0.0751399,5.44298,5.61298,14.6951,0.0751399,14.6101,14.7801,
1.9,17,4,8,6,6,6,0,0,0,0,0,0,0,0,0,0,0,0,4.166,0,4.166,4.166,5.00116,0,5.00116,5.00116,2.99226,0.0751399,2.90726,3.07726,12.1594,0.0751399,12.0744,12.2444,
1.9,8,3,2,6,6,6,0,0,0,0,0,0,0,0,0,0,0,0,4.166,0,4.166,4.166,1.00072,0,1.00072,1.00072,5.27842,0.0751399,5.19342,5.36342,10.4451,0.0751399,10.3601,10.5301,
1.9,1,2,3,6,6,6,0,0,0,0,0,0,0,0,0,0,0,0,4.166,0,4.166,4.166,1.00072,0,1.00072,1.00072,2.79842,0.0751399,2.71342,2.88342,7.96514,0.0751399,7.88014,8.05014,
1.9,16,4,4,6,6,6,0,0,0,0,0,0,0,0,0,0,0,0,4.166,0,4.166,4.166,0,0,0,0,2.79914,0.0751399,2.71414,2.88414,6.96514,0.0751399,6.88014,7.05014,
1.9,23,5,5,6,6,6,0,0,0,0,0,0,0,0,0,0,0,0,4.166,0,4.166,4.166,0,0,0,0,2.79914,0.0751399,2.71414,2.88414,6.96514,0.0751399,6.88014,7.05014,
1.9,9,3,6,6,6,6,0,0,0,0,0,0,0,0,0,0,0,0,4.166,0,4.166,4.166,1.00072,0,1.00072,1.00072,3.79842,0.0751399,3.71342,3.88342,8.96514,0.0751399,8.88014,9.05014,
2,29,6,7,6,6,6,0,0,0,0,0,0,0,0,0,0,0,0,4.166,0,4.166,4.166,5.00116,0,5.00116,5.00116,2.99626,0.0751399,2.91126,3.08126,12.1634,0.0751399,12.0784,12.2484,
2,4,3,8,6,6,6,0,0,0,0,0,0,0,0,0,0,0,0,4.166,0,4.166,4.166,5.00116,0,5.00116,5.00116,3.19864,0.458376,2.91326,4.12555,12.3658,0.458376,12.0804,13.2927,
2,12,3,8,6,6,6,0,0,0,0,0,0,0,0,0,0,0,0,4.166,0,4.166,4.166,5.00116,0,5.00116,5.00116,3.41888,0.995526,2.91326,5.44698,12.586,0.995526,12.0804,14.6141,
2,17,4,8,6,6,6,0,0,0,0,0,0,0,0,0,0,0,0,4.166,0,4.166,4.166,5.00116,0,5.00116,5.00116,2.99626,0.0751399,2.91126,3.08126,12.1634,0.0751399,12.0784,12.2484,
2,1,2,3,6,6,6,0,0,0,0,0,0,0,0,0,0,0,0,4.166,0,4.166,4.166,1.00072,0,1.00072,1.00072,2.80242,0.0751399,2.71742,2.88742,7.96914,0.0751399,7.88414,8.05414,
2,16,4,4,6,6,6,0,0,0,0,0,0,0,0,0,0,0,0,4.166,0,4.166,4.166,0,0,0,0,2.80314,0.0751399,2.71814,2.88814,6.96914,0.0751399,6.88414,7.05414,
2,23,5,5,6,6,6,0,0,0,0,0,0,0,0,0,0,0,0,4.166,0,4.166,4.166,0,0,0,0,2.80314,0.0751399,2.71814,2.88814,6.96914,0.0751399,6.88414,7.05414,
2,9,3,6,6,6,6,0,0,0,0,0,0,0,0,0,0,0,0,4.166,0,4.166,4.166,1.00072,0,1.00072,1.00072,2.96909,0.371904,2.71942,3.71742,8.13581,0.371904,7.88614,8.88414,
2.1,2,2,7,6,5,5,0,0,0,0,0,0,0,0,0,0,0,0,4.166,0,4.166,4.166,5.00116,0,5.00116,5.00116,3.10441,0.216965,2.93298,3.47926,12.2716,0.216965,12.1001,12.6464,
2.1,7,2,7,5,4,4,0,0,0,0,0,0,0,0,0,0,0,0,4.166,0,4.166,4.166,5.00116,0,5.00116,5.00116,4.06955,0.338943,3.76698,4.51498,13.2367,0.338943,12.9341,13.6821,
2.1,18,4,7,6,5,5,0,0,0,0,0,0,0,0,0,0,0,0,4.166,0,4.166,4.166,5.06403,0,5.06403,5.06403,4.81296,0.0908419,4.70411,4.95211,14.043,0.0908419,13.9341,14.1821,
2.1,29,6,7,6,6,6,0,0,0,0,0,0,0,0,0,0,0,0,4.166,0,4.166,4.166,5.00116,0,5.00116,5.00116,3.00026,0.0751399,2.91526,3.08526,12.1674,0.0751399,12.0824,12.2524,
2.1,4,3,8,6,6,6,0,0,0,0,0,0,0,0,0,0,0,0,4.166,0,4.166,4.166,5.00116,0,5.00116,5.00116,3.00026,0.0751399,2.91526,3.08526,12.1674,0.0751399,12.0824,12.2524,
2.1,11,3,8,5,5,5,0,0,0,0,0,0,0,0,0,0,0,0,4.166,0,4.166,4.166,5.00116,0,5.00116,5.00116,3.10441,0.216965,2.93298,3.47926,12.2716,0.216965,12.1001,12.6464,
2.1,12,3,8,6,6,6,0,0,0,0,0,0,0,0,0,0,0,0,4.166,0,4.166,4.166,5.00116,0,5.00116,5.00116,3.00026,0.0751399,2.91526,3.08526,12.1674,0.0751399,12.0824,12.2524,
2.1,17,4,8,6,6,6,0,0,0,0,0,0,0,0,0,0,0,0,4.166,0,4.166,4.166,5.00116,0,5.00116,5.00116,4.37526,0.724207,2.91526,4.76384,13.5424,0.724207,12.0824,13.931,
2.1,5,2,2,5,5,5,0,0,0,0,0,0,0,0,0,0,0,0,4.166,0,4.166,4.166,0,0,0,0,2.88414,0.224477,2.68414,3.26614,7.05014,0.224477,6.85014,7.43214,
2.1,1,2,3,6,6,6,0,0,0,0,0,0,0,0,0,0,0,0,4.166,0,4.166,4.166,1.00072,0,1.00072,1.00072,2.80642,0.0751399,2.72142,2.89142,7.97314,0.0751399,7.88814,8.05814,
2.1,16,4,4,6,6,6,0,0,0,0,0,0,0,0,0,0,0,0,4.166,0,4.166,4.166,0,0,0,0,2.80714,0.0751399,2.72214,2.89214,6.97314,0.0751399,6.88814,7.05814,
2.1,23,5,5,6,6,6,0,0,0,0,0,0,0,0,0,0,0,0,4.166,0,4.166,4.166,0,0,0,0,2.80714,0.0751399,2.72214,2.89214,6.97314,0.0751399,6.88814,7.05814,
2.1,9,3,6,6,6,6,0,0,0,0,0,0,0,0,0,0,0,0,4.166,0,4.166,4.166,1.00072,0,1.00072,1.00072,2.80642,0.0751399,2.72142,2.89142,7.97314,0.0751399,7.88814,8.05814,
2.2,2,2,7,6,6,6,0,0,0,0,0,0,0,0,0,0,0,0,4.166,0,4.166,4.166,5.00116,0,5.00116,5.00116,2.99617,0.0598845,2.93498,3.06926,12.1633,0.0598845,12.1021,12.2364,
2.2,7,2,7,6,6,6,0,0,0,0,0,0,0,0,0,0,0,0,4.166,0,4.166,4.166,5.00116,0,5.00116,5.00116,3.12645,0.358173,2.93498,3.85098,12.2936,0.358173,12.1021,13.0181,
2.2,18,4,7,6,6,6,0,0,0,0,0,0,0,0,0,0,0,0,4.166,0,4.166,4.166,5.06403,0,5.06403,5.06403,4.77854,0.0590839,4.70611,4.83839,14.0086,0.0590839,13.9361,14.0684,
2.2,29,6,7,6,6,6,0,0,0,0,0,0,0,0,0,0,0,0,4.166,0,4.166,4.166,5.00116,0,5.00116,5.00116,3.00426,0.0751399,2.91926,3.08926,12.1714,0.0751399,12.0864,12.2564,
2.2,4,3,8,6,6,6,0,0,0,0,0,0,0,0,0,0,0,0,4.166,0,4.166,4.166,5.00116,0,5.00116,5.00116,3.00426,0.0751399,2.91926,3.08926,12.1714,0.0751399,12.0864,12.2564,
2.2,11,3,8,6,6,6,0,0,0,0,0,0,0,0,0,0,0,0,4.166,0,4.166,4.166,5.00116,0,5.00116,5.00116,2.99617,0.0598845,2.93498,3.06926,12.1633,0.0598845,12.1021,12.2364,
2.2,12,3,8,6,6,6,0,0,0,0,0,0,0,0,0,0,0,0,4.166,0,4.166,4.166,5.00116,0,5.00116,5.00116,3.00426,0.0751399,2.91926,3.08926,12.1714,0.0751399,12.0864,12.2564,
2.2,17,4,8,6,6,6,0,0,0,0,0,0,0,0,0,0,0,0,4.166,0,4.166,4.166,5.00116,0,5.00116,5.00116,4.63522,0.143834,4.45498,4.76784,13.8024,0.143834,13.6221,13.935,
2.2,5,2,2,6,6,6,0,0,0,0,0,0,0,0,0,0,0,0,4.166,0,4.166,4.166,0,0,0,0,2.77114,0.0751399,2.68614,2.85614,6.93714,0.0751399,6.85214,7.02214,
2.2,1,2,3,6,6,6,0,0,0,0,0,0,0,0,0,0,0,0,4.166,0,4.166,4.166,1.00072,0,1.00072,1.00072,2.81042,0.0751399,2.72542,2.89542,7.97714,0.0751399,7.89214,8.06214,
2.2,16,4,4,6,6,6,0,0,0,0,0,0,0,0,0,0,0,0,4.166,0,4.166,4.166,0,0,0,0,2.81114,0.0751399,2.72614,2.89614,6.97714,0.0751399,6.89214,7.06214,
2.2,23,5,5,6,6,6,0,0,0,0,0,0,0,0,0,0,0,0,4.166,0,4.166,4.166,0,0,0,0,2.81114,0.0751399,2.72614,2.89614,6.97714,0.0751399,6.89214,7.06214,
2.2,9,3,6,6,6,6,0,0,0,0,0,0,0,0,0,0,0,0,4.166,0,4.166,4.166,1.00072,0,1.00072,1.00072,2.81042,0.0751399,2.72542,2.89542,7.97714,0.0751399,7.89214,8.06214,
2.3,2,2,7,6,6,6,0,0,0,0,0,0,0,0,0,0,0,0,4.166,0,4.166,4.166,5.00116,0,5.00116,5.00116,2.99719,0.0637345,2.92312,3.07326,12.1644,0.0637345,12.0903,12.2404,
2.3,7,2,7,6,6,6,0,0,0,0,0,0,0,0,0,0,0,0,4.166,0,4.166,4.166,5.00116,0,5.00116,5.00116,2.99653,0.0627936,2.92312,3.07126,12.1637,0.0627936,12.0903,12.2384,
2.3,18,4,7,6,6,6,0,0,0,0,0,0,0,0,0,0,0,0,4.166,0,4.166,4.166,5.06403,0,5.06403,5.06403,4.78254,0.0590839,4.71011,4.84239,14.0126,0.0590839,13.9401,14.0724,
2.3,29,6,7,6,6,6,0,0,0,0,0,0,0,0,0,0,0,0,4.166,0,4.166,4.166,5.00116,0,5.00116,5.00116,3.00826,0.0751399,2.92326,3.09326,12.1754,0.0751399,12.0904,12.2604,
2.3,4,3,8,6,6,6,0,0,0,0,0,0,0,0,0,0,0,0,4.166,0,4.166,4.166,5.00116,0,5.00116,5.00116,3.00826,0.0751399,2.92326,3.09326,12.1754,0.0751399,12.0904,12.2604,
2.3,11,3,8,6,6,6,0,0,0,0,0,0,0,0,0,0,0,0,4.166,0,4.166,4.166,5.00116,0,5.00116,5.00116,2.99719,0.0637345,2.92312,3.07326,12.1644,0.0637345,12.0903,12.2404,
2.3,12,3,8,6,6,6,0,0,0,0,0,0,0,0,0,0,0,0,4.166,0,4.166,4.166,5.00116,0,5.00116,5.00116,3.00826,0.0751399,2.92326,3.09326,12.1754,0.0751399,12.0904,12.2604,
2.3,17,4,8,6,6,6,0,0,0,0,0,0,0,0,0,0,0,0,4.166,0,4.166,4.166,5.00116,0,5.00116,5.00116,4.63922,0.143834,4.45898,4.77184,13.8064,0.143834,13.6261,13.939,
2.3,5,2,2,6,6,6,0,0,0,0,0,0,0,0,0,0,0,0,4.166,0,4.166,4.166,0,0,0,0,2.77514,0.0751399,2.69014,2.86014,6.94114,0.0751399,6.85614,7.02614,
2.3,1,2,3,6,6,6,0,0,0,0,0,0,0,0,0,0,0,0,4.166,0,4.166,4.166,1.00072,0,1.00072,1.00072,2.81442,0.0751399,2.72942,2.89942,7.98114,0.0751399,7.89614,8.06614,
2.3,16,4,4,6,6,6,0,0,0,0,0,0,0,0,0,0,0,0,4.166,0,4.166,4.166,0,0,0,0,2.81514,0.0751399,2.73014,2.90014,6.98114,0.0751399,6.89614,7.06614,
2.3,23,5,5,6,6,6,0,0,0,0,0,0,0,0,0,0,0,0,4.166,0,4.166,4.166,0,0,0,0,2.81514,0.0751399,2.73014,2.90014,6.98114,0.0751399,6.89614,7.06614,
2.3,9,3,6,6,6,6,0,0,0,0,0,0,0,0,0,0,0,0,4.166,0,4.166,4.166,1.00072,0,1.00072,1.00072,2.81442,0.0751399,2.72942,2.89942,7.98114,0.0751399,7.89614,8.06614,
2.4,2,2,7,6,6,6,0,0,0,0,0,0,0,0,0,0,0,0,4.166,0,4.166,4.166,5.00116,0,5.00116,5.00116,2.99226,0.0751399,2.90726,3.07726,12.1594,0.0751399,12.0744,12.2444,
2.4,7,2,7,6,6,6,0,0,0,0,0,0,0,0,0,0,0,0,4.166,0,4.166,4.166,5.00116,0,5.00116,5.00116,2.9916,0.0742473,2.90726,3.07526,12.1588,0.0742473,12.0744,12.2424,
2.4,18,4,7,6,6,6,0,0,0,0,0,0,0,0,0,0,0,0,4.166,0,4.166,4.166,5.06403,0,5.06403,5.06403,4.78654,0.0590839,4.71411,4.84639,14.0166,0.0590839,13.9441,14.0764,
2.4,29,6,7,6,6,6,0,0,0,0,0,0,0,0,0,0,0,0,4.166,0,4.166,4.166,5.00116,0,5.00116,5.00116,3.01226,0.0751399,2.92726,3.09726,12.1794,0.0751399,12.0944,12.2644,
2.4,4,3,8,6,6,6,0,0,0,0,0,0,0,0,0,0,0,0,4.166,0,4.166,4.166,5.00116,0,5.00116,5.00116,3.01226,0.0751399,2.92726,3.09726,12.1794,0.0751399,12.0944,12.2644,
2.4,11,3,8,6,6,6,0,0,0,0,0,0,0,0,0,0,0,0,4.166,0,4.166,4.166,5.00116,0,5.00116,5.00116,2.99226,0.0751399,2.90726,3.07726,12.1594,0.0751399,12.0744,12.2444,
2.4,12,3,8,6,6,6,0,0,0,0,0,0,0,0,0,0,0,0,4.166,0,4.166,4.166,5.00116,0,5.00116,5.00116,3.01226,0.0751399,2.92726,3.09726,12.1794,0.0751399,12.0944,12.2644,
2.4,17,4,8,6,6,6,0,0,0,0,0,0,0,0,0,0,0,0,4.166,0,4.166,4.166,5.00116,0,5.00116,5.00116,4.64322,0.143834,4.46298,4.77584,13.8104,0.143834,13.6301,13.943,
2.4,5,2,2,6,6,6,0,0,0,0,0,0,0,0,0,0,0,0,4.166,0,4.166,4.166,0,0,0,0,2.77914,0.0751399,2.69414,2.86414,6.94514,0.0751399,6.86014,7.03014,
2.4,1,2,3,6,6,6,0,0,0,0,0,0,0,0,0,0,0,0,4.166,0,4.166,4.166,1.00072,0,1.00072,1.00072,2.81842,0.0751399,2.73342,2.90342,7.98514,0.0751399,7.90014,8.07014,
2.4,16,4,4,6,6,6,0,0,0,0,0,0,0,0,0,0,0,0,4.166,0,4.166,4.166,0,0,0,0,2.81914,0.0751399,2.73414,2.90414,6.98514,0.0751399,6.90014,7.07014,
2.4,23,5,5,6,6,6,0,0,0,0,0,0,0,0,0,0,0,0,4.166,0,4.166,4.166,0,0,0,0,2.81914,0.0751399,2.73414,2.90414,6.98514,0.0751399,6.90014,7.07014,
2.4,9,3,6,6,6,6,0,0,0,0,0,0,0,0,0,0,0,0,4.166,0,4.166,4.166,1.00072,0,1.00072,1.00072,2.81842,0.0751399,2.73342,2.90342,7.98514,0.0751399,7.90014,8.07014,
2.5,2,2,7,6,6,6,0,0,0,0,0,0,0,0,0,0,0,0,4.166,0,4.166,4.166,5.00116,0,5.00116,5.00116,2.99626,0.0751399,2.91126,3.08126,12.1634,0.0751399,12.0784,12.2484,
2.5,7,2,7,6,6,6,0,0,0,0,0,0,0,0,0,0,0,0,4.166,0,4.166,4.166,5.00116,0,5.00116,5.00116,2.9956,0.0742473,2.91126,3.07926,12.1628,0.0742473,12.0784,12.2464,
2.5,18,4,7,6,6,6,0,0,0,0,0,0,0,0,0,0,0,0,4.166,0,4.166,4.166,5.06403,0,5.06403,5.06403,4.71911,0.107689,4.61097,4.85039,13.9491,0.107689,13.841,14.0804,
2.5,29,6,7,6,6,6,0,0,0,0,0,0,0,0,0,0,0,0,4.166,0,4.166,4.166,5.00116,0,5.00116,5.00116,3.01626,0.0751399,2.93126,3.10126,12.1834,0.0751399,12.0984,12.2684,
2.5,4,3,8,6,6,6,0,0,0,0,0,0,0,0,0,0,0,0,4.166,0,4.166,4.166,5.00116,0,5.00116,5.00116,3.18888,0.386284,2.93326,3.96698,12.356,0.386284,12.1004,13.1341,
2.5,11,3,8,6,6,6,0,0,0,0,0,0,0,0,0,0,0,0,4.166,0,4.166,4.166,5.00116,0,5.00116,5.00116,2.99626,0.0751399,2.91126,3.08126,12.1634,0.0751399,12.0784,12.2484,
2.5,12,3,8,6,6,6,0,0,0,0,0,0,0,0,0,0,0,0,4.166,0,4.166,4.166,5.00116,0,5.00116,5.00116,3.10555,0.187785,2.93326,3.46698,12.2727,0.187785,12.1004,12.6341,
2.5,17,4,8,6,6,6,0,0,0,0,0,0,0,0,0,0,0,0,4.166,0,4.166,4.166,5.00116,0,5.00116,5.00116,4.71864,0.197769,4.46698,4.88698,13.8858,0.197769,13.6341,14.0541,
2.5,5,2,2,6,6,6,0,0,0,0,0,0,0,0,0,0,0,0,4.166,0,4.166,4.166,0,0,0,0,2.78314,0.0751399,2.69814,2.86814,6.94914,0.0751399,6.86414,7.03414,
2.5,1,2,3,6,6,6,0,0,0,0,0,0,0,0,0,0,0,0,4.166,0,4.166,4.166,1.00072,0,1.00072,1.00072,2.82242,0.0751399,2.73742,2.90742,7.98914,0.0751399,7.90414,8.07414,
2.5,23,5,5,6,6,6,0,0,0,0,0,0,0,0,0,0,0,0,4.166,0,4.166,4.166,0,0,0,0,2.82314,0.0751399,2.73814,2.90814,6.98914,0.0751399,6.90414,7.07414,
2.5,9,3,6,6,6,6,0,0,0,0,0,0,0,0,0,0,0,0,4.166,0,4.166,4.166,1.00072,0,1.00072,1.00072,2.82242,0.0751399,2.73742,2.90742,7.98914,0.0751399,7.90414,8.07414,
2.6,2,2,7,6,6,6,0,0,0,0,0,0,0,0,0,0,0,0,4.166,0,4.166,4.166,5.00116,0,5.00116,5.00116,3.57169,0.330042,2.91526,3.78698,12.7389,0.330042,12.0824,12.9541,
2.6,7,2,7,6,6,6,0,0,0,0,0,0,0,0,0,0,0,0,4.166,0,4.166,4.166,5.00116,0,5.00116,5.00116,2.9996,0.0742473,2.91526,3.08326,12.1668,0.0742473,12.0824,12.2504,
2.6,18,4,7,6,6,6,0,0,0,0,0,0,0,0,0,0,0,0,4.166,0,4.166,4.166,5.06403,0,5.06403,5.06403,4.72311,0.107689,4.61496,4.85439,13.9531,0.107689,13.845,14.0844,
2.6,29,6,7,6,6,6,0,0,0,0,0,0,0,0,0,0,0,0,4.166,0,4.166,4.166,5.00116,0,5.00116,5.00116,3.02026,0.0751399,2.93526,3.10526,12.1874,0.0751399,12.1024,12.2724,
2.6,4,3,8,6,6,6,0,0,0,0,0,0,0,0,0,0,0,0,4.166,0,4.166,4.166,5.00116,0,5.00116,5.00116,3.02026,0.0751399,2.93526,3.10526,12.1874,0.0751399,12.1024,12.2724,
2.6,11,3,8,6,6,6,0,0,0,0,0,0,0,0,0,0,0,0,4.166,0,4.166,4.166,5.00116,0,5.00116,5.00116,3.01812,0.0695913,2.91526,3.08526,12.1853,0.0695913,12.0824,12.2524,
2.6,12,3,8,6,6,6,0,0,0,0,0,0,0,0,0,0,0,0,4.166,0,4.166,4.166,5.00116,0,5.00116,5.00116,3.02026,0.0751399,2.93526,3.10526,12.1874,0.0751399,12.1024,12.2724,
2.6,17,4,8,6,6,6,0,0,0,0,0,0,0,0,0,0,0,0,4.166,0,4.166,4.166,5.00116,0,5.00116,5.00116,4.72264,0.197769,4.47098,4.89098,13.8898,0.197769,13.6381,14.0581,
2.6,5,2,2,6,6,6,0,0,0,0,0,0,0,0,0,0,0,0,4.166,0,4.166,4.166,0,0,0,0,2.78714,0.0751399,2.70214,2.87214,6.95314,0.0751399,6.86814,7.03814,
2.6,1,2,3,6,6,6,0,0,0,0,0,0,0,0,0,0,0,0,4.166,0,4.166,4.166,1.00072,0,1.00072,1.00072,2.82642,0.0751399,2.74142,2.91142,7.99314,0.0751399,7.90814,8.07814,
2.6,21,5,4,5,5,5,0,0,0,0,0,0,0,0,0,0,0,0,4.166,0,4.166,4.166,1.00072,0,1.00072,1.00072,2.88342,0.224477,2.68342,3.26542,8.05014,0.224477,7.85014,8.43214,
2.6,23,5,5,6,6,6,0,0,0,0,0,0,0,0,0,0,0,0,4.166,0,4.166,4.166,0,0,0,0,2.82714,0.0751399,2.74214,2.91214,6.99314,0.0751399,6.90814,7.07814,
2.6,9,3,6,6,6,6,0,0,0,0,0,0,0,0,0,0,0,0,7.6385,1.70117,4.166,8.333,1.00072,0,1.00072,1.00072,2.93725,0.215212,2.74142,3.16042,11.5765,1.8074,7.90814,12.4941,
2.6,25,6,6,6,5,5,0,0,0,0,0,0,0,0,0,0,0,0,8.333,0,8.333,8.333,0,0,0,0,2.94571,0.450484,2.68314,3.742,11.2787,0.450484,11.0161,12.075,
2.6,30,6,6,6,5,5,0,0,0,0,0,0,0,0,0,0,0,0,8.333,0,8.333,8.333,0,0,0,0,2.95643,0.474172,2.68314,3.79557,11.2894,0.474172,11.0161,12.1286,
2.7,2,2,7,6,6,6,0,0,0,0,0,0,0,0,0,0,0,0,4.166,0,4.166,4.166,5.00116,0,5.00116,5.00116,3.00426,0.0751399,2.91926,3.08926,12.1714,0.0751399,12.0864,12.2564,
2.7,7,2,7,6,6,6,0,0,0,0,0,0,0,0,0,0,0,0,4.166,0,4.166,4.166,5.00116,0,5.00116,5.00116,3.0036,0.0742473,2.91926,3.08726,12.1708,0.0742473,12.0864,12.2544,
2.7,18,4,7,6,6,6,0,0,0,0,0,0,0,0,0,0,0,0,4.166,0,4.166,4.166,5.06403,0,5.06403,5.06403,4.72711,0.107689,4.61897,4.85839,13.9571,0.107689,13.849,14.0884,
2.7,29,6,7,6,6,6,0,0,0,0,0,0,0,0,0,0,0,0,4.166,0,4.166,4.166,5.00116,0,5.00116,5.00116,3.02426,0.0751399,2.93926,3.10926,12.1914,0.0751399,12.1064,12.2764,
2.7,4,3,8,6,6,6,0,0,0,0,0,0,0,0,0,0,0,0,4.166,0,4.166,4.166,5.00116,0,5.00116,5.00116,3.02426,0.0751399,2.93926,3.10926,12.1914,0.0751399,12.1064,12.2764,
2.7,11,3,8,6,6,6,0,0,0,0,0,0,0,0,0,0,0,0,4.166,0,4.166,4.166,5.00116,0,5.00116,5.00116,3.02807,0.0598845,2.95498,3.08926,12.1952,0.0598845,12.1221,12.2564,
2.7,12,3,8,6,6,6,0,0,0,0,0,0,0,0,0,0,0,0,4.166,0,4.166,4.166,5.00116,0,5.00116,5.00116,3.02426,0.0751399,2.93926,3.10926,12.1914,0.0751399,12.1064,12.2764,
2.7,17,4,8,6,6,6,0,0,0,0,0,0,0,0,0,0,0,0,4.166,0,4.166,4.166,5.00116,0,5.00116,5.00116,4.72664,0.197769,4.47498,4.89498,13.8938,0.197769,13.6421,14.0621,
2.7,5,2,2,6,6,6,0,0,0,0,0,0,0,0,0,0,0,0,4.166,0,4.166,4.166,0,0,0,0,2.79114,0.0751399,2.70614,2.87614,6.95714,0.0751399,6.87214,7.04214,
2.7,1,2,3,6,6,6,0,0,0,0,0,0,0,0,0,0,0,0,4.166,0,4.166,4.166,1.00072,0,1.00072,1.00072,2.83042,0.0751399,2.74542,2.91542,7.99714,0.0751399,7.91214,8.08214,
2.7,21,5,4,6,6,6,0,0,0,0,0,0,0,0,0,0,0,0,4.166,0,4.166,4.166,1.00072,0,1.00072,1.00072,2.77042,0.0751399,2.68542,2.85542,7.93714,0.0751399,7.85214,8.02214,
2.7,23,5,5,6,6,6,0,0,0,0,0,0,0,0,0,0,0,0,4.166,0,4.166,4.166,0,0,0,0,2.83114,0.0751399,2.74614,2.91614,6.99714,0.0751399,6.91214,7.08214,
2.7,9,3,6,6,6,6,0,0,0,0,0,0,0,0,0,0,0,0,8.333,0,8.333,8.333,1.00072,0,1.00072,1.00072,2.99675,0.196755,2.74642,3.16442,12.3305,0.196755,12.0801,12.4981,
2.7,25,6,6,6,6,6,0,0,0,0,0,0,0,0,0,0,0,0,8.333,0,8.333,8.333,0,0,0,0,2.77081,0.0742473,2.68714,2.85514,11.1038,0.0742473,11.0201,11.1881,
2.7,30,6,6,6,6,6,0,0,0,0,0,0,0,0,0,0,0,0,8.333,0,8.333,8.333,0,0,0,0,2.77081,0.0742473,2.68714,2.85514,11.1038,0.0742473,11.0201,11.1881,
2.8,2,2,7,6,6,6,0,0,0,0,0,0,0,0,0,0,0,0,4.166,0,4.166,4.166,5.00116,0,5.00116,5.00116,3.00826,0.0751399,2.92326,3.09326,12.1754,0.0751399,12.0904,12.2604,
2.8,7,2,7,6,6,6,0,0,0,0,0,0,0,0,0,0,0,0,4.166,0,4.166,4.166,5.00116,0,5.00116,5.00116,3.0076,0.0742473,2.92326,3.09126,12.1748,0.0742473,12.0904,12.2584,
2.8,18,4,7,6,6,6,0,0,0,0,0,0,0,0,0,0,0,0,4.166,0,4.166,4.166,5.06403,0,5.06403,5.06403,4.73111,0.107689,4.62296,4.86239,13.9611,0.107689,13.853,14.0924,
2.8,29,6,7,6,6,6,0,0,0,0,0,0,0,0,0,0,0,0,4.166,0,4.166,4.166,5.00116,0,5.00116,5.00116,3.02826,0.0751399,2.94326,3.11326,12.1954,0.0751399,12.1104,12.2804,
2.8,4,3,8,6,6,6,0,0,0,0,0,0,0,0,0,0,0,0,4.166,0,4.166,4.166,5.00116,0,5.00116,5.00116,4.06398,0.0751399,3.97898,4.14898,13.2311,0.0751399,13.1461,13.3161,
2.8,11,3,8,6,6,6,0,0,0,0,0,0,0,0,0,0,0,0,4.166,0,4.166,4.166,5.00116,0,5.00116,5.00116,3.03207,0.0598845,2.95898,3.09326,12.1992,0.0598845,12.1261,12.2604,
2.8,12,3,8,6,6,6,0,0,0,0,0,0,0,0,0,0,0,0,4.166,0,4.166,4.166,5.00116,0,5.00116,5.00116,3.56398,0.0751399,3.47898,3.64898,12.7311,0.0751399,12.6461,12.8161,
2.8,17,4,8,6,6,6,0,0,0,0,0,0,0,0,0,0,0,0,4.166,0,4.166,4.166,5.00116,0,5.00116,5.00116,4.73064,0.197769,4.47898,4.89898,13.8978,0.197769,13.6461,14.0661,
2.8,5,2,2,6,6,6,0,0,0,0,0,0,0,0,0,0,0,0,4.166,0,4.166,4.166,0,0,0,0,2.79514,0.0751399,2.71014,2.88014,6.96114,0.0751399,6.87614,7.04614,
2.8,1,2,3,6,6,6,0,0,0,0,0,0,0,0,0,0,0,0,4.166,0,4.166,4.166,1.00072,0,1.00072,1.00072,2.83442,0.0751399,2.74942,2.91942,8.00114,0.0751399,7.91614,8.08614,
2.8,21,5,4,6,6,6,0,0,0,0,0,0,0,0,0,0,0,0,4.166,0,4.166,4.166,1.00072,0,1.00072,1.00072,2.77442,0.0751399,2.68942,2.85942,7.94114,0.0751399,7.85614,8.02614,
2.8,23,5,5,6,6,6,0,0,0,0,0,0,0,0,0,0,0,0,4.166,0,4.166,4.166,0,0,0,0,2.83514,0.0751399,2.75014,2.92014,7.00114,0.0751399,6.91614,7.08614,
2.8,9,3,6,6,6,6,0,0,0,0,0,0,0,0,0,0,0,0,8.333,0,8.333,8.333,1.00072,0,1.00072,1.00072,3.00075,0.196755,2.75042,3.16842,12.3345,0.196755,12.0841,12.5021,
2.8,25,6,6,6,6,6,0,0,0,0,0,0,0,0,0,0,0,0,8.333,0,8.333,8.333,0,0,0,0,2.77481,0.0742473,2.69114,2.85914,11.1078,0.0742473,11.0241,11.1921,
2.8,30,6,6,6,6,6,0,0,0,0,0,0,0,0,0,0,0,0,8.333,0,8.333,8.333,0,0,0,0,2.77481,0.0742473,2.69114,2.85914,11.1078,0.0742473,11.0241,11.1921,
2.9,2,2,7,6,6,6,0,0,0,0,0,0,0,0,0,0,0,0,4.166,0,4.166,4.166,5.00116,0,5.00116,5.00116,3.01226,0.0751399,2.92726,3.09726,12.1794,0.0751399,12.0944,12.2644,
2.9,7,2,7,6,6,6,0,0,0,0,0,0,0,0,0,0,0,0,4.166,0,4.166,4.166,5.00116,0,5.00116,5.00116,3.83303,0.367765,3.09326,4.04898,13.0002,0.367765,12.2604,13.2161,
2.9,18,4,7,6,6,6,0,0,0,0,0,0,0,0,0,0,0,0,4.166,0,4.166,4.166,5.06403,0,5.06403,5.06403,4.73511,0.107689,4.62697,4.86639,13.9651,0.107689,13.857,14.0964,
2.9,29,6,7,6,6,6,0,0,0,0,0,0,0,0,0,0,0,0,4.166,0,4.166,4.166,5.00116,0,5.00116,5.00116,3.03226,0.0751399,2.94726,3.11726,12.1994,0.0751399,12.1144,12.2844,
2.9,4,3,8,6,6,6,0,0,0,0,0,0,0,0,0,0,0,0,4.166,0,4.166,4.166,5.00116,0,5.00116,5.00116,3.03226,0.0751399,2.94726,3.11726,12.1994,0.0751399,12.1144,12.2844,
2.9,11,3,8,6,6,6,0,0,0,0,0,0,0,0,0,0,0,0,4.166,0,4.166,4.166,5.00116,0,5.00116,5.00116,3.03607,0.0598845,2.96298,3.09726,12.2032,0.0598845,12.1301,12.2644,
2.9,12,3,8,6,6,6,0,0,0,0,0,0,0,0,0,0,0,0,4.166,0,4.166,4.166,5.00116,0,5.00116,5.00116,3.03226,0.0751399,2.94726,3.11726,12.1994,0.0751399,12.1144,12.2844,
2.9,17,4,8,6,6,6,0,0,0,0,0,0,0,0,0,0,0,0,4.166,0,4.166,4.166,5.00116,0,5.00116,5.00116,4.73464,0.197769,4.48298,4.90298,13.9018,0.197769,13.6501,14.0701,
2.9,5,2,2,6,6,6,0,0,0,0,0,0,0,0,0,0,0,0,4.166,0,4.166,4.166,0,0,0,0,2.79914,0.0751399,2.71414,2.88414,6.96514,0.0751399,6.88014,7.05014,
2.9,1,2,3,6,6,6,0,0,0,0,0,0,0,0,0,0,0,0,4.166,0,4.166,4.166,1.00072,0,1.00072,1.00072,2.83842,0.0751399,2.75342,2.92342,8.00514,0.0751399,7.92014,8.09014,
2.9,21,5,4,6,6,6,0,0,0,0,0,0,0,0,0,0,0,0,4.166,0,4.166,4.166,1.00072,0,1.00072,1.00072,2.77842,0.0751399,2.69342,2.86342,7.94514,0.0751399,7.86014,8.03014,
2.9,23,5,5,6,6,6,0,0,0,0,0,0,0,0,0,0,0,0,4.166,0,4.166,4.166,0,0,0,0,2.83914,0.0751399,2.75414,2.92414,7.00514,0.0751399,6.92014,7.09014,
2.9,9,3,6,6,6,6,0,0,0,0,0,0,0,0,0,0,0,0,8.333,0,8.333,8.333,1.00072,0,1.00072,1.00072,3.00475,0.196755,2.75442,3.17242,12.3385,0.196755,12.0881,12.5061,
2.9,25,6,6,6,6,6,0,0,0,0,0,0,0,0,0,0,0,0,8.333,0,8.333,8.333,0,0,0,0,2.77881,0.0742473,2.69514,2.86314,11.1118,0.0742473,11.0281,11.1961,
2.9,30,6,6,6,6,6,0,0,0,0,0,0,0,0,0,0,0,0,8.333,0,8.333,8.333,0,0,0,0,2.77881,0.0742473,2.69514,2.86314,11.1118,0.0742473,11.0281,11.1961,
3,2,2,7,6,6,6,0,0,0,0,0,0,0,0,0,0,0,0,4.166,0,4.166,4.166,5.00116,0,5.00116,5.00116,3.01626,0.0751399,2.93126,3.10126,12.1834,0.0751399,12.0984,12.2684,
3,7,2,7,6,6,6,0,0,0,0,0,0,0,0,0,0,0,0,4.166,0,4.166,4.166,5.00116,0,5.00116,5.00116,3.14655,0.366156,2.93126,3.88298,12.3137,0.366156,12.0984,13.0501,
3,18,4,7,6,6,6,0,0,0,0,0,0,0,0,0,0,0,0,4.166,0,4.166,4.166,5.01164,0.025667,5.00116,5.06403,3.33912,0.751795,2.93326,4.86839,12.5168,0.777375,12.1004,14.0984,
3,29,6,7,6,6,6,0,0,0,0,0,0,0,0,0,0,0,0,4.166,0,4.166,4.166,5.00116,0,5.00116,5.00116,3.03626,0.0751399,2.95126,3.12126,12.2034,0.0751399,12.1184,12.2884,
3,4,3,8,6,6,6,0,0,0,0,0,0,0,0,0,0,0,0,4.166,0,4.166,4.166,5.00116,0,5.00116,5.00116,3.03626,0.0751399,2.95126,3.12126,12.2034,0.0751399,12.1184,12.2884,
3,11,3,8,6,6,6,0,0,0,0,0,0,0,0,0,0,0,0,4.166,0,4.166,4.166,5.00116,0,5.00116,5.00116,3.04007,0.0598845,2.96698,3.10126,12.2072,0.0598845,12.1341,12.2684,
3,12,3,8,6,6,6,0,0,0,0,0,0,0,0,0,0,0,0,4.166,0,4.166,4.166,5.00116,0,5.00116,5.00116,3.03626,0.0751399,2.95126,3.12126,12.2034,0.0751399,12.1184,12.2884,
3,5,2,2,6,6,6,0,0,0,0,0,0,0,0,0,0,0,0,4.166,0,4.166,4.166,0,0,0,0,2.80314,0.0751399,2.71814,2.88814,6.96914,0.0751399,6.88414,7.05414,
3,1,2,3,6,6,6,0,0,0,0,0,0,0,0,0,0,0,0,4.166,0,4.166,4.166,1.00072,0,1.00072,1.00072,2.84242,0.0751399,2.75742,2.92742,8.00914,0.0751399,7.92414,8.09414,
3,21,5,4,6,6,6,0,0,0,0,0,0,0,0,0,0,0,0,4.166,0,4.166,4.166,1.00072,0,1.00072,1.00072,2.78242,0.0751399,2.69742,2.86742,7.94914,0.0751399,7.86414,8.03414,
3,23,5,5,6,6,6,0,0,0,0,0,0,0,0,0,0,0,0,4.166,0,4.166,4.166,0,0,0,0,2.84314,0.0751399,2.75814,2.92814,7.00914,0.0751399,6.92414,7.09414,
3,9,3,6,6,6,6,0,0,0,0,0,0,0,0,0,0,0,0,8.333,0,8.333,8.333,1.00072,0,1.00072,1.00072,3.00875,0.196755,2.75842,3.17642,12.3425,0.196755,12.0921,12.5101,
3,25,6,6,6,6,6,0,0,0,0,0,0,0,0,0,0,0,0,8.333,0,8.333,8.333,0,0,0,0,2.78281,0.0742473,2.69914,2.86714,11.1158,0.0742473,11.0321,11.2001,
3,30,6,6,6,6,6,0,0,0,0,0,0,0,0,0,0,0,0,8.333,0,8.333,8.333,0,0,0,0,2.78281,0.0742473,2.69914,2.86714,11.1158,0.0742473,11.0321,11.2001,
3.1,2,2,7,6,6,6,0,0,0,0,0,0,0,0,0,0,0,0,4.166,0,4.166,4.166,5.00116,0,5.00116,5.00116,3.71372,0.243401,3.47098,4.03712,12.8809,0.243401,12.6381,13.2043,
3.1,7,2,7,6,6,6,0,0,0,0,0,0,0,0,0,0,0,0,4.166,0,4.166,4.166,5.00116,0,5.00116,5.00116,3.03745,0.0688344,2.93526,3.10326,12.2046,0.0688344,12.1024,12.2704,
3.1,18,4,7,6,6,6,0,0,0,0,0,0,0,0,0,0,0,0,4.166,0,4.166,4.166,5.00116,0,5.00116,5.00116,3.87145,0.509221,2.93526,4.48355,13.0386,0.509221,12.1024,13.6507,
3.1,29,6,7,6,6,6,0,0,0,0,0,0,0,0,0,0,0,0,4.166,0,4.166,4.166,5.00116,0,5.00116,5.00116,3.04026,0.0751399,2.95526,3.12526,12.2074,0.0751399,12.1224,12.2924,
3.1,4,3,8,6,6,6,0,0,0,0,0,0,0,0,0,0,0,0,4.166,0,4.166,4.166,5.00116,0,5.00116,5.00116,3.04026,0.0751399,2.95526,3.12526,12.2074,0.0751399,12.1224,12.2924,
3.1,11,3,8,6,6,6,0,0,0,0,0,0,0,0,0,0,0,0,4.166,0,4.166,4.166,5.00116,0,5.00116,5.00116,3.04407,0.0598845,2.97098,3.10526,12.2112,0.0598845,12.1381,12.2724,
3.1,12,3,8,6,6,6,0,0,0,0,0,0,0,0,0,0,0,0,4.166,0,4.166,4.166,5.00116,0,5.00116,5.00116,3.04026,0.0751399,2.95526,3.12526,12.2074,0.0751399,12.1224,12.2924,
3.1,20,5,8,6,5,5,0,0,0,0,0,0,0,0,0,0,0,0,4.166,0,4.166,4.166,5.00116,0,5.00116,5.00116,3.10441,0.216965,2.93298,3.47926,12.2716,0.216965,12.1001,12.6464,
3.1,5,2,2,6,6,6,0,0,0,0,0,0,0,0,0,0,0,0,7.6385,1.70117,4.166,8.333,0,0,0,0,2.91797,0.215212,2.72214,3.14114,10.5565,1.8074,6.88814,11.4741,
3.1,6,2,2,6,5,5,0,0,0,0,0,0,0,0,0,0,0,0,8.333,0,8.333,8.333,0,0,0,0,4.58857,0.288207,4.43314,5.09914,12.9216,0.288207,12.7661,13.4321,
3.1,26,6,2,5,4,4,0,0,0,0,0,0,0,0,0,0,0,0,8.333,0,8.333,8.333,1.00072,0,1.00072,1.00072,2.91192,0.298973,2.68242,3.34842,12.2456,0.298973,12.0161,12.6821,
3.1,1,2,3,6,6,6,0,0,0,0,0,0,0,0,0,0,0,0,4.166,0,4.166,4.166,1.00072,0,1.00072,1.00072,4.25118,0.730992,2.76142,4.59742,9.4179,0.730992,7.92814,9.76414,
3.1,14,4,4,6,5,5,0,0,0,0,0,0,0,0,0,0,0,0,8.333,0,8.333,8.333,0,0,0,0,4.11714,0.580853,3.68314,5.09914,12.4501,0.580853,12.0161,13.4321,
3.1,16,4,4,5,5,5,0,0,0,0,0,0,0,0,0,0,0,0,8.333,0,8.333,8.333,0,0,0,0,2.86714,0.278191,2.68314,3.34914,11.2001,0.278191,11.0161,11.6821,
3.1,21,5,4,6,6,6,0,0,0,0,0,0,0,0,0,0,0,0,7.6385,1.70117,4.166,8.333,1.00072,0,1.00072,1.00072,3.23059,0.301855,2.70142,3.62042,11.8698,1.9665,7.86814,12.9541,
3.1,23,5,5,6,6,6,0,0,0,0,0,0,0,0,0,0,0,0,4.166,0,4.166,4.166,0,0,0,0,3.18047,0.299187,2.76214,3.43214,7.34647,0.299187,6.92814,7.59814,
3.1,9,3,6,6,6,6,0,0,0,0,0,0,0,0,0,0,0,0,8.333,0,8.333,8.333,1.00072,0,1.00072,1.00072,3.01275,0.196755,2.76242,3.18042,12.3465,0.196755,12.0961,12.5141,
3.1,25,6,6,6,6,6,0,0,0,0,0,0,0,0,0,0,0,0,8.333,0,8.333,8.333,0,0,0,0,2.78681,0.0742473,2.70314,2.87114,11.1198,0.0742473,11.0361,11.2041,
3.1,30,6,6,6,6,6,0,0,0,0,0,0,0,0,0,0,0,0,8.333,0,8.333,8.333,0,0,0,0,2.78681,0.0742473,2.70314,2.87114,11.1198,0.0742473,11.0361,11.2041,
3.2,2,2,7,6,6,6,0,0,0,0,0,0,0,0,0,0,0,0,4.166,0,4.166,4.166,5.00116,0,5.00116,5.00116,3.02426,0.0751399,2.93926,3.10926,12.1914,0.0751399,12.1064,12.2764,
3.2,7,2,7,6,6,6,0,0,0,0,0,0,0,0,0,0,0,0,4.166,0,4.166,4.166,5.00116,0,5.00116,5.00116,3.04741,0.0590839,2.97498,3.10726,12.2146,0.0590839,12.1421,12.2744,
3.2,18,4,7,6,6,6,0,0,0,0,0,0,0,0,0,0,0,0,4.166,0,4.166,4.166,5.00116,0,5.00116,5.00116,3.97664,0.0742473,3.89298,4.06098,13.1438,0.0742473,13.0601,13.2281,
3.2,29,6,7,6,6,6,0,0,0,0,0,0,0,0,0,0,0,0,4.166,0,4.166,4.166,5.00116,0,5.00116,5.00116,3.04426,0.0751399,2.95926,3.12926,12.2114,0.0751399,12.1264,12.2964,
3.2,4,3,8,6,6,6,0,0,0,0,0,0,0,0,0,0,0,0,4.166,0,4.166,4.166,5.00116,0,5.00116,5.00116,3.04426,0.0751399,2.95926,3.12926,12.2114,0.0751399,12.1264,12.2964,
3.2,11,3,8,6,6,6,0,0,0,0,0,0,0,0,0,0,0,0,4.166,0,4.166,4.166,5.00116,0,5.00116,5.00116,3.03617,0.0598845,2.97498,3.10926,12.2033,0.0598845,12.1421,12.2764,
3.2,12,3,8,6,6,6,0,0,0,0,0,0,0,0,0,0,0,0,4.166,0,4.166,4.166,5.00116,0,5.00116,5.00116,3.04426,0.0751399,2.95926,3.12926,12.2114,0.0751399,12.1264,12.2964,
3.2,20,5,8,6,6,6,0,0,0,0,0,0,0,0,0,0,0,0,4.166,0,4.166,4.166,5.00116,0,5.00116,5.00116,2.99617,0.0598845,2.93498,3.06926,12.1633,0.0598845,12.1021,12.2364,
3.2,5,2,2,6,6,6,0,0,0,0,0,0,0,0,0,0,0,0,8.333,0,8.333,8.333,0,0,0,0,2.97747,0.196755,2.72714,3.14514,11.3105,0.196755,11.0601,11.4781,
3.2,6,2,2,6,6,6,0,0,0,0,0,0,0,0,0,0,0,0,8.333,0,8.333,8.333,0,0,0,0,4.44938,0.0742473,4.36571,4.53371,12.7824,0.0742473,12.6987,12.8667,
3.2,26,6,2,6,6,6,0,0,0,0,0,0,0,0,0,0,0,0,8.333,0,8.333,8.333,1.00072,0,1.00072,1.00072,2.76942,0.0751399,2.68442,2.85442,12.1031,0.0751399,12.0181,12.1881,
3.2,1,2,3,6,6,6,0,0,0,0,0,0,0,0,0,0,0,0,4.166,0,4.166,4.166,1.00072,0,1.00072,1.00072,4.51709,0.0742473,4.43342,4.60142,9.68381,0.0742473,9.60014,9.76814,
3.2,14,4,4,6,6,6,0,0,0,0,0,0,0,0,0,0,0,0,8.333,0,8.333,8.333,0,0,0,0,3.93747,0.196755,3.68714,4.10514,12.2705,0.196755,12.0201,12.4381,
3.2,16,4,4,6,6,6,0,0,0,0,0,0,0,0,0,0,0,0,8.333,0,8.333,8.333,0,0,0,0,2.77081,0.0742473,2.68714,2.85514,11.1038,0.0742473,11.0201,11.1881,
3.2,21,5,4,6,6,6,0,0,0,0,0,0,0,0,0,0,0,0,8.333,0,8.333,8.333,1.00072,0,1.00072,1.00072,3.37342,0.197094,3.20642,3.62442,12.7071,0.197094,12.5401,12.9581,
3.2,23,5,5,6,6,6,0,0,0,0,0,0,0,0,0,0,0,0,4.166,0,4.166,4.166,0,0,0,0,3.35114,0.0751399,3.26614,3.43614,7.51714,0.0751399,7.43214,7.60214,
3.2,9,3,6,6,6,6,0,0,0,0,0,0,0,0,0,0,0,0,8.333,0,8.333,8.333,1.00072,0,1.00072,1.00072,2.85009,0.196755,2.68242,3.10042,12.1838,0.196755,12.0161,12.4341,
3.2,25,6,6,6,6,6,0,0,0,0,0,0,0,0,0,0,0,0,8.333,0,8.333,8.333,0,0,0,0,2.79081,0.0742473,2.70714,2.87514,11.1238,0.0742473,11.0401,11.2081,
3.2,30,6,6,6,6,6,0,0,0,0,0,0,0,0,0,0,0,0,8.333,0,8.333,8.333,0,0,0,0,2.79081,0.0742473,2.70714,2.87514,11.1238,0.0742473,11.0401,11.2081,
3.3,2,2,7,6,6,6,0,0,0,0,0,0,0,0,0,0,0,0,4.166,0,4.166,4.166,5.00116,0,5.00116,5.00116,3.02826,0.0751399,2.94326,3.11326,12.1954,0.0751399,12.1104,12.2804,
3.3,7,2,7,6,6,6,0,0,0,0,0,0,0,0,0,0,0,0,4.166,0,4.166,4.166,5.00116,0,5.00116,5.00116,3.64069,0.267753,3.10926,3.81498,12.8079,0.267753,12.2764,12.9821,
3.3,18,4,7,6,6,6,0,0,0,0,0,0,0,0,0,0,0,0,4.166,0,4.166,4.166,5.00116,0,5.00116,5.00116,3.98064,0.0742473,3.89698,4.06498,13.1478,0.0742473,13.0641,13.2321,
3.3,29,6,7,6,6,6,0,0,0,0,0,0,0,0,0,0,0,0,4.166,0,4.166,4.166,5.00116,0,5.00116,5.00116,3.04826,0.0751399,2.96326,3.13326,12.2154,0.0751399,12.1304,12.3004,
3.3,4,3,8,6,6,6,0,0,0,0,0,0,0,0,0,0,0,0,4.166,0,4.166,4.166,5.00116,0,5.00116,5.00116,3.04826,0.0751399,2.96326,3.13326,12.2154,0.0751399,12.1304,12.3004,
3.3,11,3,8,6,6,6,0,0,0,0,0,0,0,0,0,0,0,0,4.166,0,4.166,4.166,5.00116,0,5.00116,5.00116,3.04017,0.0598845,2.97898,3.11326,12.2073,0.0598845,12.1461,12.2804,
3.3,12,3,8,6,6,6,0,0,0,0,0,0,0,0,0,0,0,0,4.166,0,4.166,4.166,5.00116,0,5.00116,5.00116,3.07803,0.0841003,2.96326,3.16898,12.2452,0.0841003,12.1304,12.3361,
3.3,20,5,8,6,6,6,0,0,0,0,0,0,0,0,0,0,0,0,4.166,0,4.166,4.166,5.00116,0,5.00116,5.00116,2.99719,0.0637345,2.92312,3.07326,12.1644,0.0637345,12.0903,12.2404,
3.3,5,2,2,6,6,6,0,0,0,0,0,0,0,0,0,0,0,0,8.333,0,8.333,8.333,0,0,0,0,4.23147,0.196755,3.98114,4.39914,12.5645,0.196755,12.3141,12.7321,
3.3,6,2,2,6,6,6,0,0,0,0,0,0,0,0,0,0,0,0,8.333,0,8.333,8.333,0,0,0,0,4.45338,0.0742473,4.36971,4.53771,12.7864,0.0742473,12.7027,12.8707,
3.3,26,6,2,6,6,6,0,0,0,0,0,0,0,0,0,0,0,0,8.333,0,8.333,8.333,1.00072,0,1.00072,1.00072,2.77342,0.0751399,2.68842,2.85842,12.1071,0.0751399,12.0221,12.1921,
3.3,1,2,3,6,6,6,0,0,0,0,0,0,0,0,0,0,0,0,4.166,0,4.166,4.166,1.00072,0,1.00072,1.00072,4.52109,0.0742473,4.43742,4.60542,9.68781,0.0742473,9.60414,9.77214,
3.3,14,4,4,6,6,6,0,0,0,0,0,0,0,0,0,0,0,0,8.333,0,8.333,8.333,0,0,0,0,3.94147,0.196755,3.69114,4.10914,12.2745,0.196755,12.0241,12.4421,
3.3,16,4,4,6,6,6,0,0,0,0,0,0,0,0,0,0,0,0,8.333,0,8.333,8.333,0,0,0,0,2.77481,0.0742473,2.69114,2.85914,11.1078,0.0742473,11.0241,11.1921,
3.3,21,5,4,6,6,6,0,0,0,0,0,0,0,0,0,0,0,0,8.333,0,8.333,8.333,1.00072,0,1.00072,1.00072,3.37742,0.197094,3.21042,3.62842,12.7111,0.197094,12.5441,12.9621,
3.3,23,5,5,6,6,6,0,0,0,0,0,0,0,0,0,0,0,0,4.166,0,4.166,4.166,0,0,0,0,3.35514,0.0751399,3.27014,3.44014,7.52114,0.0751399,7.43614,7.60614,
3.3,9,3,6,6,6,6,0,0,0,0,0,0,0,0,0,0,0,0,8.333,0,8.333,8.333,1.00072,0,1.00072,1.00072,2.85409,0.196755,2.68642,3.10442,12.1878,0.196755,12.0201,12.4381,
3.3,25,6,6,6,5,5,0,0,0,0,0,0,0,0,0,0,0,0,8.333,0,8.333,8.333,0,0,0,0,3.75651,0.0528192,3.71114,3.84143,12.0895,0.0528192,12.0441,12.1744,
3.3,30,6,6,6,6,6,0,0,0,0,0,0,0,0,0,0,0,0,8.333,0,8.333,8.333,0,0,0,0,3.65195,0.160539,3.46114,3.82357,11.9849,0.160539,11.7941,12.1566,
3.4,2,2,7,6,6,6,0,0,0,0,0,0,0,0,0,0,0,0,4.166,0,4.166,4.166,5.00116,0,5.00116,5.00116,3.03226,0.0751399,2.94726,3.11726,12.1994,0.0751399,12.1144,12.2844,
3.4,7,2,7,6,6,6,0,0,0,0,0,0,0,0,0,0,0,0,4.166,0,4.166,4.166,5.00116,0,5.00116,5.00116,3.14469,0.252429,2.98298,3.64898,12.3119,0.252429,12.1501,12.8161,
3.4,18,4,7,6,6,6,0,0,0,0,0,0,0,0,0,0,0,0,4.166,0,4.166,4.166,5.00116,0,5.00116,5.00116,3.98464,0.0742473,3.90098,4.06898,13.1518,0.0742473,13.0681,13.2361,
3.4,29,6,7,6,6,6,0,0,0,0,0,0,0,0,0,0,0,0,4.166,0,4.166,4.166,5.00116,0,5.00116,5.00116,3.05226,0.0751399,2.96726,3.13726,12.2194,0.0751399,12.1344,12.3044,
3.4,4,3,8,6,6,3,0,0,0,0,0,0,0,0,0,0,0,0,4.166,0,4.166,4.166,5.00221,0.00114912,5.00116,5.00326,7.45598,4.26404,2.96726,11.4209,16.6242,4.26519,12.1344,20.5901,
3.4,11,3,8,6,6,6,0,0,0,0,0,0,0,0,0,0,0,0,4.166,0,4.166,4.166,5.00116,0,5.00116,5.00116,3.04417,0.0598845,2.98298,3.11726,12.2113,0.0598845,12.1501,12.2844,
3.4,12,3,8,6,6,6,0,0,0,0,0,0,0,0,0,0,0,0,4.166,0,4.166,4.166,5.00116,0,5.00116,5.00116,3.48976,0.249475,3.00298,3.67098,12.6569,0.249475,12.1701,12.8381,
3.4,20,5,8,6,6,6,0,0,0,0,0,0,0,0,0,0,0,0,4.166,0,4.166,4.166,5.00116,0,5.00116,5.00116,2.99226,0.0751399,2.90726,3.07726,12.1594,0.0751399,12.0744,12.2444,
3.4,5,2,2,6,6,6,0,0,0,0,0,0,0,0,0,0,0,0,8.333,0,8.333,8.333,0,0,0,0,2.98547,0.196755,2.73514,3.15314,11.3185,0.196755,11.0681,11.4861,
3.4,6,2,2,6,6,6,0,0,0,0,0,0,0,0,0,0,0,0,8.333,0,8.333,8.333,0,0,0,0,4.45738,0.0742473,4.37371,4.54171,12.7904,0.0742473,12.7067,12.8747,
3.4,26,6,2,6,6,6,0,0,0,0,0,0,0,0,0,0,0,0,8.333,0,8.333,8.333,1.00072,0,1.00072,1.00072,2.77742,0.0751399,2.69242,2.86242,12.1111,0.0751399,12.0261,12.1961,
3.4,1,2,3,6,6,6,0,0,0,0,0,0,0,0,0,0,0,0,4.166,0,4.166,4.166,1.00072,0,1.00072,1.00072,4.52509,0.0742473,4.44142,4.60942,9.69181,0.0742473,9.60814,9.77614,
3.4,14,4,4,6,6,6,0,0,0,0,0,0,0,0,0,0,0,0,8.333,0,8.333,8.333,0,0,0,0,3.94547,0.196755,3.69514,4.11314,12.2785,0.196755,12.0281,12.4461,
3.4,16,4,4,6,6,6,0,0,0,0,0,0,0,0,0,0,0,0,8.333,0,8.333,8.333,0,0,0,0,2.77881,0.0742473,2.69514,2.86314,11.1118,0.0742473,11.0281,11.1961,
3.4,21,5,4,6,6,6,0,0,0,0,0,0,0,0,0,0,0,0,8.333,0,8.333,8.333,1.00072,0,1.00072,1.00072,3.38142,0.197094,3.21442,3.63242,12.7151,0.197094,12.5481,12.9661,
3.4,23,5,5,6,6,6,0,0,0,0,0,0,0,0,0,0,0,0,4.166,0,4.166,4.166,0,0,0,0,3.35914,0.0751399,3.27414,3.44414,7.52514,0.0751399,7.44014,7.61014,
3.4,9,3,6,6,6,6,0,0,0,0,0,0,0,0,0,0,0,0,8.333,0,8.333,8.333,1.00072,0,1.00072,1.00072,2.85809,0.196755,2.69042,3.10842,12.1918,0.196755,12.0241,12.4421,
3.4,25,6,6,6,6,6,0,0,0,0,0,0,0,0,0,0,0,0,8.333,0,8.333,8.333,0,0,0,0,2.83452,0.114118,2.71514,3.01143,11.1675,0.114118,11.0481,11.3444,
3.4,30,6,6,6,6,6,0,0,0,0,0,0,0,0,0,0,0,0,8.333,0,8.333,8.333,0,0,0,0,2.79881,0.0742473,2.71514,2.88314,11.1318,0.0742473,11.0481,11.2161,
3.5,2,2,7,6,6,6,0,0,0,0,0,0,0,0,0,0,0,0,4.166,0,4.166,4.166,5.00116,0,5.00116,5.00116,3.03626,0.0751399,2.95126,3.12126,12.2034,0.0751399,12.1184,12.2884,
3.5,7,2,7,6,6,6,0,0,0,0,0,0,0,0,0,0,0,0,4.166,0,4.166,4.166,5.00116,0,5.00116,5.00116,3.05941,0.0590839,2.98698,3.11926,12.2266,0.0590839,12.1541,12.2864,
3.5,18,4,7,6,6,6,0,0,0,0,0,0,0,0,0,0,0,0,4.166,0,4.166,4.166,5.00116,0,5.00116,5.00116,3.98864,0.0742473,3.90498,4.07298,13.1558,0.0742473,13.0721,13.2401,
3.5,29,6,7,6,6,6,0,0,0,0,0,0,0,0,0,0,0,0,4.166,0,4.166,4.166,5.00116,0,5.00116,5.00116,3.05626,0.0751399,2.97126,3.14126,12.2234,0.0751399,12.1384,12.3084,
3.5,4,3,8,6,6,6,0,0,0,0,0,0,0,0,0,0,0,0,4.166,0,4.166,4.166,5.00116,0,5.00116,5.00116,3.10388,0.0976583,2.97326,3.25698,12.271,0.0976583,12.1404,12.4241,
3.5,11,3,8,6,6,6,0,0,0,0,0,0,0,0,0,0,0,0,4.166,0,4.166,4.166,5.00116,0,5.00116,5.00116,3.04817,0.0598845,2.98698,3.12126,12.2153,0.0598845,12.1541,12.2884,
3.5,20,5,8,6,6,6,0,0,0,0,0,0,0,0,0,0,0,0,4.166,0,4.166,4.166,5.00116,0,5.00116,5.00116,3.53198,0.0751399,3.44698,3.61698,12.6991,0.0751399,12.6141,12.7841,
3.5,5,2,2,6,6,6,0,0,0,0,0,0,0,0,0,0,0,0,8.333,0,8.333,8.333,0,0,0,0,2.98947,0.196755,2.73914,3.15714,11.3225,0.196755,11.0721,11.4901,
3.5,6,2,2,6,6,6,0,0,0,0,0,0,0,0,0,0,0,0,8.333,0,8.333,8.333,0,0,0,0,4.46138,0.0742473,4.37771,4.54571,12.7944,0.0742473,12.7107,12.8787,
3.5,26,6,2,6,6,6,0,0,0,0,0,0,0,0,0,0,0,0,8.333,0,8.333,8.333,1.00072,0,1.00072,1.00072,2.78142,0.0751399,2.69642,2.86642,12.1151,0.0751399,12.0301,12.2001,
3.5,1,2,3,6,6,6,0,0,0,0,0,0,0,0,0,0,0,0,4.166,0,4.166,4.166,1.00072,0,1.00072,1.00072,4.52909,0.0742473,4.44542,4.61342,9.69581,0.0742473,9.61214,9.78014,
3.5,14,4,4,6,6,6,0,0,0,0,0,0,0,0,0,0,0,0,8.333,0,8.333,8.333,0,0,0,0,3.94947,0.196755,3.69914,4.11714,12.2825,0.196755,12.0321,12.4501,
3.5,16,4,4,6,6,6,0,0,0,0,0,0,0,0,0,0,0,0,8.333,0,8.333,8.333,0,0,0,0,2.78281,0.0742473,2.69914,2.86714,11.1158,0.0742473,11.0321,11.2001,
3.5,21,5,4,6,6,6,0,0,0,0,0,0,0,0,0,0,0,0,8.333,0,8.333,8.333,1.00072,0,1.00072,1.00072,3.38542,0.197094,3.21842,3.63642,12.7191,0.197094,12.5521,12.9701,
3.5,23,5,5,6,6,6,0,0,0,0,0,0,0,0,0,0,0,0,4.166,0,4.166,4.166,0,0,0,0,3.36314,0.0751399,3.27814,3.44814,7.52914,0.0751399,7.44414,7.61414,
3.5,9,3,6,6,6,6,0,0,0,0,0,0,0,0,0,0,0,0,8.333,0,8.333,8.333,1.00072,0,1.00072,1.00072,2.86209,0.196755,2.69442,3.11242,12.1958,0.196755,12.0281,12.4461,
3.5,25,6,6,6,6,6,0,0,0,0,0,0,0,0,0,0,0,0,8.333,0,8.333,8.333,0,0,0,0,2.80281,0.0742473,2.71914,2.88714,11.1358,0.0742473,11.0521,11.2201,
3.5,30,6,6,6,6,6,0,0,0,0,0,0,0,0,0,0,0,0,8.333,0,8.333,8.333,0,0,0,0,2.80281,0.0742473,2.71914,2.88714,11.1358,0.0742473,11.0521,11.2201,
3.6,2,2,7,6,6,6,0,0,0,0,0,0,0,0,0,0,0,0,4.166,0,4.166,4.166,5.00116,0,5.00116,5.00116,4.18907,0.936273,2.95526,4.91098,13.3562,0.936273,12.1224,14.0781,
3.6,7,2,7,6,6,6,0,0,0,0,0,0,0,0,0,0,0,0,4.166,0,4.166,4.166,5.00116,0,5.00116,5.00116,3.06341,0.0590839,2.99098,3.12326,12.2306,0.0590839,12.1581,12.2904,
3.6,18,4,7,6,6,6,0,0,0,0,0,0,0,0,0,0,0,0,4.166,0,4.166,4.166,5.00116,0,5.00116,5.00116,3.99264,0.0742473,3.90898,4.07698,13.1598,0.0742473,13.0761,13.2441,
3.6,29,6,7,6,6,6,0,0,0,0,0,0,0,0,0,0,0,0,4.166,0,4.166,4.166,5.00116,0,5.00116,5.00116,3.06026,0.0751399,2.97526,3.14526,12.2274,0.0751399,12.1424,12.3124,
3.6,4,3,8,6,6,6,0,0,0,0,0,0,0,0,0,0,0,0,4.166,0,4.166,4.166,5.00116,0,5.00116,5.00116,3.58705,0.433183,2.97526,3.93098,12.7542,0.433183,12.1424,13.0981,
3.6,11,3,8,6,6,6,0,0,0,0,0,0,0,0,0,0,0,0,4.166,0,4.166,4.166,5.00116,0,5.00116,5.00116,3.05217,0.0598845,2.99098,3.12526,12.2193,0.0598845,12.1581,12.2924,
3.6,15,4,8,5,5,5,0,0,0,0,0,0,0,0,0,0,0,0,4.166,0,4.166,4.166,5.02403,0,5.02403,5.02403,3.13868,0.203069,2.99411,3.49211,12.3287,0.203069,12.1841,12.6821,
3.6,20,5,8,6,6,6,0,0,0,0,0,0,0,0,0,0,0,0,4.166,0,4.166,4.166,5.00116,0,5.00116,5.00116,3.00026,0.0751399,2.91526,3.08526,12.1674,0.0751399,12.0824,12.2524,
3.6,5,2,2,6,6,6,0,0,0,0,0,0,0,0,0,0,0,0,8.333,0,8.333,8.333,0,0,0,0,2.99347,0.196755,2.74314,3.16114,11.3265,0.196755,11.0761,11.4941,
3.6,6,2,2,6,6,6,0,0,0,0,0,0,0,0,0,0,0,0,8.333,0,8.333,8.333,0,0,0,0,3.34633,0.900575,2.70314,4.54771,11.6793,0.900575,11.0361,12.8807,
3.6,26,6,2,6,6,6,0,0,0,0,0,0,0,0,0,0,0,0,8.333,0,8.333,8.333,1.00072,0,1.00072,1.00072,2.78542,0.0751399,2.70042,2.87042,12.1191,0.0751399,12.0341,12.2041,
3.6,1,2,3,6,6,6,0,0,0,0,0,0,0,0,0,0,0,0,6.944,2.15183,4.166,8.333,1.00072,0,1.00072,1.00072,4.47533,0.0960996,4.34328,4.61542,12.42,2.07668,9.69814,13.843,
3.6,8,3,3,5,4,4,0,0,0,0,0,0,0,0,0,0,0,0,8.333,0,8.333,8.333,0,0,0,0,2.91264,0.298973,2.68314,3.34914,11.2456,0.298973,11.0161,11.6821,
3.6,17,4,3,5,4,4,0,0,0,0,0,0,0,0,0,0,0,0,8.333,0,8.333,8.333,1.00072,0,1.00072,1.00072,2.91192,0.298973,2.68242,3.34842,12.2456,0.298973,12.0161,12.6821,
3.6,14,4,4,6,6,6,0,0,0,0,0,0,0,0,0,0,0,0,8.333,0,8.333,8.333,0,0,0,0,3.95347,0.196755,3.70314,4.12114,12.2865,0.196755,12.0361,12.4541,
3.6,16,4,4,6,6,6,0,0,0,0,0,0,0,0,0,0,0,0,8.333,0,8.333,8.333,0,0,0,0,2.85228,0.173459,2.70314,3.12114,11.1853,0.173459,11.0361,11.4541,
3.6,21,5,4,6,6,6,0,0,0,0,0,0,0,0,0,0,0,0,8.333,0,8.333,8.333,1.00072,0,1.00072,1.00072,3.38942,0.197094,3.22242,3.64042,12.7231,0.197094,12.5561,12.9741,
3.6,23,5,5,6,6,6,0,0,0,0,0,0,0,0,0,0,0,0,4.166,0,4.166,4.166,0,0,0,0,3.36714,0.0751399,3.28214,3.45214,7.53314,0.0751399,7.44814,7.61814,
3.6,9,3,6,6,6,6,0,0,0,0,0,0,0,0,0,0,0,0,8.333,0,8.333,8.333,1.00072,0,1.00072,1.00072,2.86609,0.196755,2.69842,3.11642,12.1998,0.196755,12.0321,12.4501,
3.6,25,6,6,6,6,6,0,0,0,0,0,0,0,0,0,0,0,0,8.333,0,8.333,8.333,0,0,0,0,2.80681,0.0742473,2.72314,2.89114,11.1398,0.0742473,11.0561,11.2241,
3.6,30,6,6,6,6,6,0,0,0,0,0,0,0,0,0,0,0,0,8.333,0,8.333,8.333,0,0,0,0,2.80681,0.0742473,2.72314,2.89114,11.1398,0.0742473,11.0561,11.2241,
3.7,2,2,7,6,6,6,0,0,0,0,0,0,0,0,0,0,0,0,4.166,0,4.166,4.166,5.00116,0,5.00116,5.00116,4.74664,0.197769,4.49498,4.91498,13.9138,0.197769,13.6621,14.0821,
3.7,7,2,7,6,6,6,0,0,0,0,0,0,0,0,0,0,0,0,4.166,0,4.166,4.166,5.00116,0,5.00116,5.00116,3.06741,0.0590839,2.99498,3.12726,12.2346,0.0590839,12.1621,12.2944,
3.7,18,4,7,6,6,6,0,0,0,0,0,0,0,0,0,0,0,0,4.166,0,4.166,4.166,5.00116,0,5.00116,5.00116,3.99664,0.0742473,3.91298,4.08098,13.1638,0.0742473,13.0801,13.2481,
3.7,29,6,7,6,6,6,0,0,0,0,0,0,0,0,0,0,0,0,4.166,0,4.166,4.166,5.00116,0,5.00116,5.00116,2.99284,0.0590839,2.93298,3.06526,12.16,0.0590839,12.1001,12.2324,
3.7,4,3,8,6,4,3,0,0,0,0,0,0,0,0,0,0,0,0,4.166,0,4.166,4.166,5.00116,0,5.00116,5.00116,9.5803,7.57665,5.47926,20.9403,18.7475,7.57665,14.6464,30.1074,
3.7,11,3,8,6,6,6,0,0,0,0,0,0,0,0,0,0,0,0,4.166,0,4.166,4.166,5.00116,0,5.00116,5.00116,3.05617,0.0598845,2.99498,3.12926,12.2233,0.0598845,12.1621,12.2964,
3.7,15,4,8,6,6,6,0,0,0,0,0,0,0,0,0,0,0,0,4.166,0,4.166,4.166,5.02403,0,5.02403,5.02403,3.05663,0.0589225,2.99611,3.12839,12.2467,0.0589225,12.1861,12.3184,
3.7,20,5,8,6,6,6,0,0,0,0,0,0,0,0,0,0,0,0,4.166,0,4.166,4.166,5.00116,0,5.00116,5.00116,3.00426,0.0751399,2.91926,3.08926,12.1714,0.0751399,12.0864,12.2564,
3.7,5,2,2,6,6,6,0,0,0,0,0,0,0,0,0,0,0,0,8.333,0,8.333,8.333,0,0,0,0,2.99747,0.196755,2.74714,3.16514,11.3305,0.196755,11.0801,11.4981,
3.7,6,2,2,6,6,6,0,0,0,0,0,0,0,0,0,0,0,0,8.333,0,8.333,8.333,0,0,0,0,2.79081,0.0742473,2.70714,2.87514,11.1238,0.0742473,11.0401,11.2081,
3.7,26,6,2,6,6,6,0,0,0,0,0,0,0,0,0,0,0,0,8.333,0,8.333,8.333,1.00072,0,1.00072,1.00072,2.78942,0.0751399,2.70442,2.87442,12.1231,0.0751399,12.0381,12.2081,
3.7,1,2,3,6,6,6,0,0,0,0,0,0,0,0,0,0,0,0,8.333,0,8.333,8.333,1.00072,0,1.00072,1.00072,4.42961,0.0742473,4.34528,4.51328,13.7633,0.0742473,13.679,13.847,
3.7,8,3,3,6,6,6,0,0,0,0,0,0,0,0,0,0,0,0,8.333,0,8.333,8.333,0,0,0,0,4.2255,0.588846,3.43514,4.85514,12.5585,0.588846,11.7681,13.1881,
3.7,17,4,3,6,6,6,0,0,0,0,0,0,0,0,0,0,0,0,8.333,0,8.333,8.333,1.00072,0,1.00072,1.00072,2.76942,0.0751399,2.68442,2.85442,12.1031,0.0751399,12.0181,12.1881,
3.7,14,4,4,6,6,6,0,0,0,0,0,0,0,0,0,0,0,0,8.333,0,8.333,8.333,0,0,0,0,3.95747,0.196755,3.70714,4.12514,12.2905,0.196755,12.0401,12.4581,
3.7,16,4,4,6,6,6,0,0,0,0,0,0,0,0,0,0,0,0,8.333,0,8.333,8.333,0,0,0,0,2.87414,0.197094,2.70714,3.12514,11.2071,0.197094,11.0401,11.4581,
3.7,21,5,4,6,6,6,0,0,0,0,0,0,0,0,0,0,0,0,8.333,0,8.333,8.333,1.00072,0,1.00072,1.00072,3.39342,0.197094,3.22642,3.64442,12.7271,0.197094,12.5601,12.9781,
3.7,23,5,5,6,6,6,0,0,0,0,0,0,0,0,0,0,0,0,4.166,0,4.166,4.166,0,0,0,0,3.37114,0.0751399,3.28614,3.45614,7.53714,0.0751399,7.45214,7.62214,
3.7,9,3,6,6,6,6,0,0,0,0,0,0,0,0,0,0,0,0,8.333,0,8.333,8.333,1.00072,0,1.00072,1.00072,2.87009,0.196755,2.70242,3.12042,12.2038,0.196755,12.0361,12.4541,
3.7,25,6,6,6,6,6,0,0,0,0,0,0,0,0,0,0,0,0,8.333,0,8.333,8.333,0,0,0,0,2.81081,0.0742473,2.72714,2.89514,11.1438,0.0742473,11.0601,11.2281,
3.7,30,6,6,6,6,6,0,0,0,0,0,0,0,0,0,0,0,0,8.333,0,8.333,8.333,0,0,0,0,2.81081,0.0742473,2.72714,2.89514,11.1438,0.0742473,11.0601,11.2281,
3.8,2,2,7,6,6,6,0,0,0,0,0,0,0,0,0,0,0,0,4.166,0,4.166,4.166,5.00116,0,5.00116,5.00116,4.75064,0.197769,4.49898,4.91898,13.9178,0.197769,13.6661,14.0861,
3.8,7,2,7,6,6,6,0,0,0,0,0,0,0,0,0,0,0,0,4.166,0,4.166,4.166,5.00116,0,5.00116,5.00116,3.07141,0.0590839,2.99898,3.13126,12.2386,0.0590839,12.1661,12.2984,
3.8,18,4,7,6,6,6,0,0,0,0,0,0,0,0,0,0,0,0,4.166,0,4.166,4.166,5.00116,0,5.00116,5.00116,4.00064,0.0742473,3.91698,4.08498,13.1678,0.0742473,13.0841,13.2521,
3.8,29,6,7,6,6,6,0,0,0,0,0,0,0,0,0,0,0,0,4.166,0,4.166,4.166,5.00116,0,5.00116,5.00116,2.99684,0.0590839,2.93698,3.06926,12.164,0.0590839,12.1041,12.2364,
3.8,4,3,8,6,7,6,0,0,0,0,0,0,0,0,0,0,0,0,4.166,0,4.166,4.166,5.00116,0,5.00116,5.00116,5.62065,4.72428,3.68698,16.3278,14.7878,4.72428,12.8541,25.495,
3.8,11,3,8,6,6,6,0,0,0,0,0,0,0,0,0,0,0,0,4.166,0,4.166,4.166,5.00116,0,5.00116,5.00116,3.06017,0.0598845,2.99898,3.13326,12.2273,0.0598845,12.1661,12.3004,
3.8,15,4,8,6,6,6,0,0,0,0,0,0,0,0,0,0,0,0,4.166,0,4.166,4.166,5.02403,0,5.02403,5.02403,3.06063,0.0589225,3.00011,3.13239,12.2507,0.0589225,12.1901,12.3224,
3.8,20,5,8,6,6,6,0,0,0,0,0,0,0,0,0,0,0,0,4.166,0,4.166,4.166,5.00116,0,5.00116,5.00116,3.77612,0.0773679,3.67526,3.87698,12.9433,0.0773679,12.8424,13.0441,
3.8,5,2,2,6,6,6,0,0,0,0,0,0,0,0,0,0,0,0,8.333,0,8.333,8.333,0,0,0,0,3.00147,0.196755,2.75114,3.16914,11.3345,0.196755,11.0841,11.5021,
3.8,6,2,2,6,6,6,0,0,0,0,0,0,0,0,0,0,0,0,8.333,0,8.333,8.333,0,0,0,0,2.79481,0.0742473,2.71114,2.87914,11.1278,0.0742473,11.0441,11.2121,
3.8,26,6,2,6,6,6,0,0,0,0,0,0,0,0,0,0,0,0,8.333,0,8.333,8.333,1.00072,0,1.00072,1.00072,2.79342,0.0751399,2.70842,2.87842,12.1271,0.0751399,12.0421,12.2121,
3.8,1,2,3,6,6,6,0,0,0,0,0,0,0,0,0,0,0,0,8.333,0,8.333,8.333,1.00072,0,1.00072,1.00072,4.43361,0.0742473,4.34928,4.51728,13.7673,0.0742473,13.683,13.851,
3.8,8,3,3,6,6,6,0,0,0,0,0,0,0,0,0,0,0,0,8.333,0,8.333,8.333,0,0,0,0,2.77414,0.0751399,2.68914,2.85914,11.1071,0.0751399,11.0221,11.1921,
3.8,17,4,3,6,6,6,0,0,0,0,0,0,0,0,0,0,0,0,8.333,0,8.333,8.333,1.00072,0,1.00072,1.00072,2.77342,0.0751399,2.68842,2.85842,12.1071,0.0751399,12.0221,12.1921,
3.8,14,4,4,6,6,6,0,0,0,0,0,0,0,0,0,0,0,0,8.333,0,8.333,8.333,0,0,0,0,3.96147,0.196755,3.71114,4.12914,12.2945,0.196755,12.0441,12.4621,
3.8,16,4,4,6,6,6,0,0,0,0,0,0,0,0,0,0,0,0,8.333,0,8.333,8.333,0,0,0,0,2.87814,0.197094,2.71114,3.12914,11.2111,0.197094,11.0441,11.4621,
3.8,21,5,4,6,6,6,0,0,0,0,0,0,0,0,0,0,0,0,8.333,0,8.333,8.333,1.00072,0,1.00072,1.00072,3.39742,0.197094,3.23042,3.64842,12.7311,0.197094,12.5641,12.9821,
3.8,23,5,5,6,6,6,0,0,0,0,0,0,0,0,0,0,0,0,4.166,0,4.166,4.166,0,0,0,0,3.37514,0.0751399,3.29014,3.46014,7.54114,0.0751399,7.45614,7.62614,
3.8,9,3,6,6,6,6,0,0,0,0,0,0,0,0,0,0,0,0,8.333,0,8.333,8.333,1.00072,0,1.00072,1.00072,2.87409,0.196755,2.70642,3.12442,12.2078,0.196755,12.0401,12.4581,
3.8,25,6,6,6,6,6,0,0,0,0,0,0,0,0,0,0,0,0,8.333,0,8.333,8.333,0,0,0,0,2.81481,0.0742473,2.73114,2.89914,11.1478,0.0742473,11.0641,11.2321,
3.8,30,6,6,6,6,6,0,0,0,0,0,0,0,0,0,0,0,0,8.333,0,8.333,8.333,0,0,0,0,2.81481,0.0742473,2.73114,2.89914,11.1478,0.0742473,11.0641,11.2321,
3.9,2,2,7,6,6,6,0,0,0,0,0,0,0,0,0,0,0,0,4.166,0,4.166,4.166,5.00116,0,5.00116,5.00116,4.96893,0.142838,4.83698,5.14784,14.1361,0.142838,14.0041,14.315,
3.9,7,2,7,6,6,6,0,0,0,0,0,0,0,0,0,0,0,0,4.166,0,4.166,4.166,5.00116,0,5.00116,5.00116,3.07541,0.0590839,3.00298,3.13526,12.2426,0.0590839,12.1701,12.3024,
3.9,18,4,7,6,6,6,0,0,0,0,0,0,0,0,0,0,0,0,4.166,0,4.166,4.166,5.00116,0,5.00116,5.00116,4.00464,0.0742473,3.92098,4.08898,13.1718,0.0742473,13.0881,13.2561,
3.9,29,6,7,6,6,6,0,0,0,0,0,0,0,0,0,0,0,0,4.166,0,4.166,4.166,5.00116,0,5.00116,5.00116,2.99191,0.0704854,2.90726,3.07326,12.1591,0.0704854,12.0744,12.2404,
3.9,4,3,8,6,6,6,0,0,0,0,0,0,0,0,0,0,0,0,4.166,0,4.166,4.166,5.00116,0,5.00116,5.00116,3.64964,0.179896,3.44298,3.94098,12.8168,0.179896,12.6101,13.1081,
3.9,11,3,8,6,6,6,0,0,0,0,0,0,0,0,0,0,0,0,4.166,0,4.166,4.166,5.00116,0,5.00116,5.00116,3.06417,0.0598845,3.00298,3.13726,12.2313,0.0598845,12.1701,12.3044,
3.9,15,4,8,6,6,6,0,0,0,0,0,0,0,0,0,0,0,0,4.166,0,4.166,4.166,5.02403,0,5.02403,5.02403,3.06463,0.0589225,3.00411,3.13639,12.2547,0.0589225,12.1941,12.3264,
3.9,20,5,8,6,6,6,0,0,0,0,0,0,0,0,0,0,0,0,4.166,0,4.166,4.166,5.00116,0,5.00116,5.00116,3.01226,0.0751399,2.92726,3.09726,12.1794,0.0751399,12.0944,12.2644,
3.9,5,2,2,6,6,6,0,0,0,0,0,0,0,0,0,0,0,0,8.333,0,8.333,8.333,0,0,0,0,3.00547,0.196755,2.75514,3.17314,11.3385,0.196755,11.0881,11.5061,
3.9,6,2,2,6,6,6,0,0,0,0,0,0,0,0,0,0,0,0,8.333,0,8.333,8.333,0,0,0,0,2.79881,0.0742473,2.71514,2.88314,11.1318,0.0742473,11.0481,11.2161,
3.9,26,6,2,6,6,6,0,0,0,0,0,0,0,0,0,0,0,0,8.333,0,8.333,8.333,1.00072,0,1.00072,1.00072,2.79742,0.0751399,2.71242,2.88242,12.1311,0.0751399,12.0461,12.2161,
3.9,1,2,3,6,6,6,0,0,0,0,0,0,0,0,0,0,0,0,8.333,0,8.333,8.333,1.00072,0,1.00072,1.00072,4.63999,0.379426,4.35328,5.12842,13.9737,0.379426,13.687,14.4621,
3.9,8,3,3,6,6,6,0,0,0,0,0,0,0,0,0,0,0,0,8.333,0,8.333,8.333,0,0,0,0,2.77814,0.0751399,2.69314,2.86314,11.1111,0.0751399,11.0261,11.1961,
3.9,17,4,3,6,6,6,0,0,0,0,0,0,0,0,0,0,0,0,8.333,0,8.333,8.333,1.00072,0,1.00072,1.00072,2.77742,0.0751399,2.69242,2.86242,12.1111,0.0751399,12.0261,12.1961,
3.9,14,4,4,6,6,6,0,0,0,0,0,0,0,0,0,0,0,0,8.333,0,8.333,8.333,0,0,0,0,3.96547,0.196755,3.71514,4.13314,12.2985,0.196755,12.0481,12.4661,
3.9,16,4,4,6,6,6,0,0,0,0,0,0,0,0,0,0,0,0,8.333,0,8.333,8.333,0,0,0,0,2.88214,0.197094,2.71514,3.13314,11.2151,0.197094,11.0481,11.4661,
3.9,21,5,4,6,6,6,0,0,0,0,0,0,0,0,0,0,0,0,8.333,0,8.333,8.333,1.00072,0,1.00072,1.00072,3.65142,0.582105,3.23442,4.40242,12.9851,0.582105,12.5681,13.7361,
3.9,23,5,5,6,6,6,0,0,0,0,0,0,0,0,0,0,0,0,4.166,0,4.166,4.166,0,0,0,0,4.21247,0.454217,3.29414,4.46414,8.37847,0.454217,7.46014,8.63014,
3.9,9,3,6,6,6,6,0,0,0,0,0,0,0,0,0,0,0,0,8.333,0,8.333,8.333,1.00072,0,1.00072,1.00072,2.87809,0.196755,2.71042,3.12842,12.2118,0.196755,12.0441,12.4621,
3.9,25,6,6,6,6,6,0,0,0,0,0,0,0,0,0,0,0,0,8.333,0,8.333,8.333,0,0,0,0,2.81881,0.0742473,2.73514,2.90314,11.1518,0.0742473,11.0681,11.2361,
3.9,30,6,6,6,6,6,0,0,0,0,0,0,0,0,0,0,0,0,8.333,0,8.333,8.333,0,0,0,0,2.81881,0.0742473,2.73514,2.90314,11.1518,0.0742473,11.0681,11.2361,
4,2,2,7,6,6,6,0,0,0,0,0,0,0,0,0,0,0,0,4.166,0,4.166,4.166,5.00116,0,5.00116,5.00116,4.75864,0.197769,4.50698,4.92698,13.9258,0.197769,13.6741,14.0941,
4,7,2,7,6,6,6,0,0,0,0,0,0,0,0,0,0,0,0,4.166,0,4.166,4.166,5.00116,0,5.00116,5.00116,3.66869,0.267753,3.13726,3.84298,12.8359,0.267753,12.3044,13.0101,
4,18,4,7,6,6,6,0,0,0,0,0,0,0,0,0,0,0,0,4.166,0,4.166,4.166,5.00116,0,5.00116,5.00116,3.22888,0.386284,2.97326,4.00698,12.396,0.386284,12.1404,13.1741,
4,29,6,7,6,6,6,0,0,0,0,0,0,0,0,0,0,0,0,4.166,0,4.166,4.166,5.00116,0,5.00116,5.00116,2.99293,0.0742473,2.90926,3.07726,12.1601,0.0742473,12.0764,12.2444,
4,4,3,8,6,6,6,0,0,0,0,0,0,0,0,0,0,0,0,4.166,0,4.166,4.166,5.00116,0,5.00116,5.00116,3.80245,0.124681,3.69498,4.02698,12.9696,0.124681,12.8621,13.1941,
4,11,3,8,6,6,6,0,0,0,0,0,0,0,0,0,0,0,0,4.166,0,4.166,4.166,5.00116,0,5.00116,5.00116,3.06817,0.0598845,3.00698,3.14126,12.2353,0.0598845,12.1741,12.3084,
4,15,4,8,6,6,6,0,0,0,0,0,0,0,0,0,0,0,0,4.166,0,4.166,4.166,5.02403,0,5.02403,5.02403,3.06863,0.0589225,3.00811,3.14039,12.2587,0.0589225,12.1981,12.3304,
4,20,5,8,6,6,6,0,0,0,0,0,0,0,0,0,0,0,0,4.166,0,4.166,4.166,5.00116,0,5.00116,5.00116,3.01626,0.0751399,2.93126,3.10126,12.1834,0.0751399,12.0984,12.2684,
4,5,2,2,6,6,6,0,0,0,0,0,0,0,0,0,0,0,0,8.333,0,8.333,8.333,0,0,0,0,4.25947,0.196755,4.00914,4.42714,12.5925,0.196755,12.3421,12.7601,
4,6,2,2,6,6,6,0,0,0,0,0,0,0,0,0,0,0,0,8.333,0,8.333,8.333,0,0,0,0,2.80281,0.0742473,2.71914,2.88714,11.1358,0.0742473,11.0521,11.2201,
4,26,6,2,6,6,6,0,0,0,0,0,0,0,0,0,0,0,0,8.333,0,8.333,8.333,1.00072,0,1.00072,1.00072,2.80142,0.0751399,2.71642,2.88642,12.1351,0.0751399,12.0501,12.2201,
4,1,2,3,6,6,6,0,0,0,0,0,0,0,0,0,0,0,0,8.333,0,8.333,8.333,1.00072,0,1.00072,1.00072,4.44161,0.0742473,4.35728,4.52528,13.7753,0.0742473,13.691,13.859,
4,8,3,3,6,6,6,0,0,0,0,0,0,0,0,0,0,0,0,8.333,0,8.333,8.333,0,0,0,0,2.78214,0.0751399,2.69714,2.86714,11.1151,0.0751399,11.0301,11.2001,
4,17,4,3,6,6,6,0,0,0,0,0,0,0,0,0,0,0,0,8.333,0,8.333,8.333,1.00072,0,1.00072,1.00072,2.78142,0.0751399,2.69642,2.86642,12.1151,0.0751399,12.0301,12.2001,
4,16,4,4,6,6,6,0,0,0,0,0,0,0,0,0,0,0,0,8.333,0,8.333,8.333,0,0,0,0,2.88614,0.197094,2.71914,3.13714,11.2191,0.197094,11.0521,11.4701,
4,21,5,4,6,6,6,0,0,0,0,0,0,0,0,0,0,0,0,8.333,0,8.333,8.333,1.00072,0,1.00072,1.00072,3.40542,0.197094,3.23842,3.65642,12.7391,0.197094,12.5721,12.9901,
4,23,5,5,6,6,6,0,0,0,0,0,0,0,0,0,0,0,0,4.166,0,4.166,4.166,0,0,0,0,3.54981,0.371904,3.30014,4.29814,7.71581,0.371904,7.46614,8.46414,
4,9,3,6,6,6,6,0,0,0,0,0,0,0,0,0,0,0,0,8.333,0,8.333,8.333,1.00072,0,1.00072,1.00072,2.88209,0.196755,2.71442,3.13242,12.2158,0.196755,12.0481,12.4661,
4,25,6,6,6,6,6,0,0,0,0,0,0,0,0,0,0,0,0,8.333,0,8.333,8.333,0,0,0,0,2.82281,0.0742473,2.73914,2.90714,11.1558,0.0742473,11.0721,11.2401,
4,30,6,6,6,6,6,0,0,0,0,0,0,0,0,0,0,0,0,8.333,0,8.333,8.333,0,0,0,0,2.82281,0.0742473,2.73914,2.90714,11.1558,0.0742473,11.0721,11.2401,
4.1,2,2,7,6,6,6,0,0,0,0,0,0,0,0,0,0,0,0,4.166,0,4.166,4.166,5.00116,0,5.00116,5.00116,4.76264,0.197769,4.51098,4.93098,13.9298,0.197769,13.6781,14.0981,
4.1,7,2,7,6,6,6,0,0,0,0,0,0,0,0,0,0,0,0,4.166,0,4.166,4.166,5.00116,0,5.00116,5.00116,4.07448,0.256137,3.67698,4.34498,13.2416,0.256137,12.8441,13.5121,
4.1,18,4,7,6,6,6,0,0,0,0,0,0,0,0,0,0,0,0,4.166,0,4.166,4.166,5.00116,0,5.00116,5.00116,3.06026,0.0751399,2.97526,3.14526,12.2274,0.0751399,12.1424,12.3124,
4.1,29,6,7,6,6,6,0,0,0,0,0,0,0,0,0,0,0,0,4.166,0,4.166,4.166,5.00116,0,5.00116,5.00116,2.99693,0.0742473,2.91326,3.08126,12.1641,0.0742473,12.0804,12.2484,
4.1,4,3,8,6,6,6,0,0,0,0,0,0,0,0,0,0,0,0,4.166,0,4.166,4.166,5.00116,0,5.00116,5.00116,3.53264,0.0742473,3.44898,3.61698,12.6998,0.0742473,12.6161,12.7841,
4.1,11,3,8,6,6,6,0,0,0,0,0,0,0,0,0,0,0,0,4.166,0,4.166,4.166,5.00116,0,5.00116,5.00116,3.07217,0.0598845,3.01098,3.14526,12.2393,0.0598845,12.1781,12.3124,
4.1,15,4,8,6,6,6,0,0,0,0,0,0,0,0,0,0,0,0,4.166,0,4.166,4.166,5.02403,0,5.02403,5.02403,3.07263,0.0589225,3.01211,3.14439,12.2627,0.0589225,12.2021,12.3344,
4.1,20,5,8,6,6,6,0,0,0,0,0,0,0,0,0,0,0,0,4.166,0,4.166,4.166,5.00116,0,5.00116,5.00116,5.33574,1.85602,2.93526,7.13898,14.5029,1.85602,12.1024,16.3061,
4.1,5,2,2,6,6,6,0,0,0,0,0,0,0,0,0,0,0,0,8.333,0,8.333,8.333,0,0,0,0,3.09681,0.310987,2.76314,3.59514,11.4298,0.310987,11.0961,11.9281,
4.1,6,2,2,6,6,6,0,0,0,0,0,0,0,0,0,0,0,0,8.333,0,8.333,8.333,0,0,0,0,2.80681,0.0742473,2.72314,2.89114,11.1398,0.0742473,11.0561,11.2241,
4.1,26,6,2,6,6,6,0,0,0,0,0,0,0,0,0,0,0,0,8.333,0,8.333,8.333,1.00072,0,1.00072,1.00072,2.80542,0.0751399,2.72042,2.89042,12.1391,0.0751399,12.0541,12.2241,
4.1,1,2,3,6,6,6,0,0,0,0,0,0,0,0,0,0,0,0,8.333,0,8.333,8.333,1.00072,0,1.00072,1.00072,4.44561,0.0742473,4.36128,4.52928,13.7793,0.0742473,13.695,13.863,
4.1,8,3,3,6,6,6,0,0,0,0,0,0,0,0,0,0,0,0,8.333,0,8.333,8.333,0,0,0,0,2.78614,0.0751399,2.70114,2.87114,11.1191,0.0751399,11.0341,11.2041,
4.1,17,4,3,6,6,6,0,0,0,0,0,0,0,0,0,0,0,0,8.333,0,8.333,8.333,1.00072,0,1.00072,1.00072,2.78542,0.0751399,2.70042,2.87042,12.1191,0.0751399,12.0341,12.2041,
4.1,16,4,4,6,6,6,0,0,0,0,0,0,0,0,0,0,0,0,8.333,0,8.333,8.333,0,0,0,0,2.89014,0.197094,2.72314,3.14114,11.2231,0.197094,11.0561,11.4741,
4.1,19,5,4,5,4,3,0,0,0,0,0,0,0,0,0,0,0,0,8.333,0,8.333,8.333,1.00072,0,1.00072,1.00072,6.2021,1.06826,5.27171,7.74128,15.5358,1.06826,14.6054,17.075,
4.1,21,5,4,6,6,6,0,0,0,0,0,0,0,0,0,0,0,0,8.333,0,8.333,8.333,1.00072,0,1.00072,1.00072,2.90942,0.216439,2.74242,3.32442,12.2431,0.216439,12.0761,12.6581,
4.1,23,5,5,6,6,6,0,0,0,0,0,0,0,0,0,0,0,0,6.944,2.15183,4.166,8.333,0,0,0,0,5.82343,1.92534,3.30214,7.30314,12.7674,4.07459,7.46814,15.6361,
4.1,24,5,5,5,4,4,0,0,0,0,0,0,0,0,0,0,0,0,8.333,0,8.333,8.333,0,0,0,0,7.28764,0.54533,6.93314,8.09914,15.6206,0.54533,15.2661,16.4321,
4.1,27,6,5,5,4,4,0,0,0,0,0,0,0,0,0,0,0,0,8.333,0,8.333,8.333,1.00072,0,1.00072,1.00072,3.41192,0.649912,2.93242,4.34842,12.7456,0.649912,12.2661,13.6821,
4.1,9,3,6,6,6,6,0,0,0,0,0,0,0,0,0,0,0,0,8.333,0,8.333,8.333,1.00072,0,1.00072,1.00072,2.88609,0.196755,2.71842,3.13642,12.2198,0.196755,12.0521,12.4701,
4.1,25,6,6,6,6,6,0,0,0,0,0,0,0,0,0,0,0,0,8.333,0,8.333,8.333,0,0,0,0,3.29704,0.581897,2.82514,4.386,11.63,0.581897,11.1581,12.719,
4.1,30,6,6,6,6,6,0,0,0,0,0,0,0,0,0,0,0,0,8.333,0,8.333,8.333,0,0,0,0,3.16014,0.32534,2.82514,3.74314,11.4931,0.32534,11.1581,12.0761,
4.2,2,2,7,6,6,6,0,0,0,0,0,0,0,0,0,0,0,0,4.166,0,4.166,4.166,5.00116,0,5.00116,5.00116,4.66545,0.155693,4.51498,4.85098,13.8326,0.155693,13.6821,14.0181,
4.2,7,2,7,6,6,6,0,0,0,0,0,0,0,0,0,0,0,0,4.166,0,4.166,4.166,5.00116,0,5.00116,5.00116,3.16776,0.36829,2.93298,3.91312,12.3349,0.36829,12.1001,13.0803,
4.2,18,4,7,6,6,6,0,0,0,0,0,0,0,0,0,0,0,0,4.166,0,4.166,4.166,5.00116,0,5.00116,5.00116,2.99284,0.0590839,2.93298,3.06526,12.16,0.0590839,12.1001,12.2324,
4.2,29,6,7,6,6,6,0,0,0,0,0,0,0,0,0,0,0,0,4.166,0,4.166,4.166,5.00116,0,5.00116,5.00116,3.00093,0.0742473,2.91726,3.08526,12.1681,0.0742473,12.0844,12.2524,
4.2,4,3,8,6,6,6,0,0,0,0,0,0,0,0,0,0,0,0,4.166,0,4.166,4.166,5.00116,0,5.00116,5.00116,4.01879,0.059242,3.95298,4.08526,13.1859,0.059242,13.1201,13.2524,
4.2,11,3,8,6,6,6,0,0,0,0,0,0,0,0,0,0,0,0,4.166,0,4.166,4.166,5.00116,0,5.00116,5.00116,3.00474,0.0589225,2.93298,3.06526,12.1719,0.0589225,12.1001,12.2324,
4.2,15,4,8,6,6,6,0,0,0,0,0,0,0,0,0,0,0,0,4.166,0,4.166,4.166,5.02403,0,5.02403,5.02403,3.04092,0.0705259,2.93411,3.14639,12.2309,0.0705259,12.1241,12.3364,
4.2,20,5,8,6,6,6,0,0,0,0,0,0,0,0,0,0,0,0,4.166,0,4.166,4.166,5.00116,0,5.00116,5.00116,6.30998,0.0751399,6.22498,6.39498,15.4771,0.0751399,15.3921,15.5621,
4.2,5,2,2,6,6,6,0,0,0,0,0,0,0,0,0,0,0,0,8.333,0,8.333,8.333,0,0,0,0,2.93414,0.197094,2.68314,3.10114,11.2671,0.197094,11.0161,11.4341,
4.2,6,2,2,6,6,6,0,0,0,0,0,0,0,0,0,0,0,0,8.333,0,8.333,8.333,0,0,0,0,2.81081,0.0742473,2.72714,2.89514,11.1438,0.0742473,11.0601,11.2281,
4.2,26,6,2,6,6,6,0,0,0,0,0,0,0,0,0,0,0,0,8.333,0,8.333,8.333,1.00072,0,1.00072,1.00072,2.80942,0.0751399,2.72442,2.89442,12.1431,0.0751399,12.0581,12.2281,
4.2,1,2,3,6,6,6,0,0,0,0,0,0,0,0,0,0,0,0,8.333,0,8.333,8.333,1.00072,0,1.00072,1.00072,4.46747,0.0860907,4.36528,4.55642,13.8012,0.0860907,13.699,13.8901,
4.2,8,3,3,6,6,6,0,0,0,0,0,0,0,0,0,0,0,0,8.333,0,8.333,8.333,0,0,0,0,2.86157,0.179697,2.70514,3.08943,11.1946,0.179697,11.0381,11.4224,
4.2,17,4,3,6,6,6,0,0,0,0,0,0,0,0,0,0,0,0,8.333,0,8.333,8.333,1.00072,0,1.00072,1.00072,2.78942,0.0751399,2.70442,2.87442,12.1231,0.0751399,12.0381,12.2081,
4.2,16,4,4,6,6,6,0,0,0,0,0,0,0,0,0,0,0,0,8.333,0,8.333,8.333,0,0,0,0,2.93581,0.202392,2.72714,3.14514,11.2688,0.202392,11.0601,11.4781,
4.2,19,5,4,6,6,6,0,0,0,0,0,0,0,0,0,0,0,0,8.333,0,8.333,8.333,1.00072,0,1.00072,1.00072,5.69204,0.325442,5.27371,5.94371,15.0258,0.325442,14.6074,15.2774,
4.2,21,5,4,6,6,6,0,0,0,0,0,0,0,0,0,0,0,0,8.333,0,8.333,8.333,1.00072,0,1.00072,1.00072,2.83009,0.0742473,2.74642,2.91442,12.1638,0.0742473,12.0801,12.2481,
4.2,23,5,5,6,6,6,0,0,0,0,0,0,0,0,0,0,0,0,8.333,0,8.333,8.333,0,0,0,0,6.98605,0.0742473,6.90171,7.06971,15.319,0.0742473,15.2347,15.4027,
4.2,24,5,5,6,6,6,0,0,0,0,0,0,0,0,0,0,0,0,8.333,0,8.333,8.333,0,0,0,0,7.02014,0.0751399,6.93514,7.10514,15.3531,0.0751399,15.2681,15.4381,
4.2,27,6,5,6,6,6,0,0,0,0,0,0,0,0,0,0,0,0,8.333,0,8.333,8.333,1.00072,0,1.00072,1.00072,3.10275,0.197769,2.93442,3.35442,12.4365,0.197769,12.2681,12.6881,
4.2,9,3,6,6,6,6,0,0,0,0,0,0,0,0,0,0,0,0,8.333,0,8.333,8.333,1.00072,0,1.00072,1.00072,2.97342,0.197094,2.72242,3.14042,12.3071,0.197094,12.0561,12.4741,
4.2,25,6,6,6,6,6,0,0,0,0,0,0,0,0,0,0,0,0,8.333,0,8.333,8.333,0,0,0,0,3.22366,0.215904,3.04343,3.49914,11.5567,0.215904,11.3764,11.8321,
4.2,30,6,6,6,6,6,0,0,0,0,0,0,0,0,0,0,0,0,8.333,0,8.333,8.333,0,0,0,0,3.16414,0.0751399,3.07914,3.24914,11.4971,0.0751399,11.4121,11.5821,
4.3,2,2,7,6,6,6,0,0,0,0,0,0,0,0,0,0,0,0,4.166,0,4.166,4.166,5.00116,0,5.00116,5.00116,4.64564,0.180451,4.43898,4.85498,13.8128,0.180451,13.6061,14.0221,
4.3,7,2,7,6,6,6,0,0,0,0,0,0,0,0,0,0,0,0,4.166,0,4.166,4.166,5.00116,0,5.00116,5.00116,3.00807,0.0598845,2.93498,3.06926,12.1752,0.0598845,12.1021,12.2364,
4.3,18,4,7,6,6,6,0,0,0,0,0,0,0,0,0,0,0,0,4.166,0,4.166,4.166,5.00116,0,5.00116,5.00116,2.99684,0.0590839,2.93698,3.06926,12.164,0.0590839,12.1041,12.2364,
4.3,29,6,7,6,6,6,0,0,0,0,0,0,0,0,0,0,0,0,4.166,0,4.166,4.166,5.00116,0,5.00116,5.00116,3.00493,0.0742473,2.92126,3.08926,12.1721,0.0742473,12.0884,12.2564,
4.3,4,3,8,6,6,6,0,0,0,0,0,0,0,0,0,0,0,0,4.166,0,4.166,4.166,5.00116,0,5.00116,5.00116,3.17755,0.336801,2.92126,3.78898,12.3447,0.336801,12.0884,12.9561,
4.3,11,3,8,6,6,6,0,0,0,0,0,0,0,0,0,0,0,0,4.166,0,4.166,4.166,5.00116,0,5.00116,5.00116,3.00874,0.0589225,2.93698,3.06926,12.1759,0.0589225,12.1041,12.2364,
4.3,15,4,8,6,6,6,0,0,0,0,0,0,0,0,0,0,0,0,4.166,0,4.166,4.166,5.02403,0,5.02403,5.02403,3.0092,0.0598845,2.93611,3.07039,12.1992,0.0598845,12.1261,12.2604,
4.3,20,5,8,6,6,6,0,0,0,0,0,0,0,0,0,0,0,0,4.166,0,4.166,4.166,5.00116,0,5.00116,5.00116,6.31398,0.0751399,6.22898,6.39898,15.4811,0.0751399,15.3961,15.5661,
4.3,5,2,2,6,6,6,0,0,0,0,0,0,0,0,0,0,0,0,8.333,0,8.333,8.333,0,0,0,0,2.93814,0.197094,2.68714,3.10514,11.2711,0.197094,11.0201,11.4381,
4.3,6,2,2,6,6,6,0,0,0,0,0,0,0,0,0,0,0,0,8.333,0,8.333,8.333,0,0,0,0,2.81481,0.0742473,2.73114,2.89914,11.1478,0.0742473,11.0641,11.2321,
4.3,26,6,2,6,6,6,0,0,0,0,0,0,0,0,0,0,0,0,8.333,0,8.333,8.333,1.00072,0,1.00072,1.00072,2.81342,0.0751399,2.72842,2.89842,12.1471,0.0751399,12.0621,12.2321,
4.3,1,2,3,6,6,6,0,0,0,0,0,0,0,0,0,0,0,0,8.333,0,8.333,8.333,1.00072,0,1.00072,1.00072,4.45361,0.0742473,4.36928,4.53728,13.7873,0.0742473,13.703,13.871,
4.3,8,3,3,6,6,6,0,0,0,0,0,0,0,0,0,0,0,0,8.333,0,8.333,8.333,0,0,0,0,2.79414,0.0751399,2.70914,2.87914,11.1271,0.0751399,11.0421,11.2121,
4.3,17,4,3,6,6,6,0,0,0,0,0,0,0,0,0,0,0,0,8.333,0,8.333,8.333,1.00072,0,1.00072,1.00072,2.79342,0.0751399,2.70842,2.87842,12.1271,0.0751399,12.0421,12.2121,
4.3,16,4,4,6,6,6,0,0,0,0,0,0,0,0,0,0,0,0,8.333,0,8.333,8.333,0,0,0,0,2.98147,0.196755,2.73114,3.14914,11.3145,0.196755,11.0641,11.4821,
4.3,19,5,4,6,6,6,0,0,0,0,0,0,0,0,0,0,0,0,8.333,0,8.333,8.333,1.00072,0,1.00072,1.00072,5.69604,0.325442,5.27771,5.94771,15.0298,0.325442,14.6114,15.2814,
4.3,21,5,4,6,6,6,0,0,0,0,0,0,0,0,0,0,0,0,8.333,0,8.333,8.333,1.00072,0,1.00072,1.00072,2.83409,0.0742473,2.75042,2.91842,12.1678,0.0742473,12.0841,12.2521,
4.3,23,5,5,6,6,6,0,0,0,0,0,0,0,0,0,0,0,0,8.333,0,8.333,8.333,0,0,0,0,6.99005,0.0742473,6.90571,7.07371,15.323,0.0742473,15.2387,15.4067,
4.3,24,5,5,6,6,6,0,0,0,0,0,0,0,0,0,0,0,0,8.333,0,8.333,8.333,0,0,0,0,7.02414,0.0751399,6.93914,7.10914,15.3571,0.0751399,15.2721,15.4421,
4.3,27,6,5,6,6,6,0,0,0,0,0,0,0,0,0,0,0,0,8.333,0,8.333,8.333,1.00072,0,1.00072,1.00072,3.10675,0.197769,2.93842,3.35842,12.4405,0.197769,12.2721,12.6921,
4.3,9,3,6,6,6,6,0,0,0,0,0,0,0,0,0,0,0,0,8.333,0,8.333,8.333,1.00072,0,1.00072,1.00072,2.97742,0.197094,2.72642,3.14442,12.3111,0.197094,12.0601,12.4781,
4.3,25,6,6,6,6,6,0,0,0,0,0,0,0,0,0,0,0,0,8.333,0,8.333,8.333,0,0,0,0,3.22766,0.215904,3.04743,3.50314,11.5607,0.215904,11.3804,11.8361,
4.3,30,6,6,6,6,6,0,0,0,0,0,0,0,0,0,0,0,0,8.333,0,8.333,8.333,0,0,0,0,3.16814,0.0751399,3.08314,3.25314,11.5011,0.0751399,11.4161,11.5861,
4.4,2,2,7,6,6,6,0,0,0,0,0,0,0,0,0,0,0,0,4.166,0,4.166,4.166,5.00116,0,5.00116,5.00116,4.60798,0.197094,4.44098,4.85898,13.7751,0.197094,13.6081,14.0261,
4.4,7,2,7,6,6,6,0,0,0,0,0,0,0,0,0,0,0,0,4.166,0,4.166,4.166,5.00116,0,5.00116,5.00116,3.01207,0.0598845,2.93898,3.07326,12.1792,0.0598845,12.1061,12.2404,
4.4,18,4,7,6,6,6,0,0,0,0,0,0,0,0,0,0,0,0,4.166,0,4.166,4.166,5.00116,0,5.00116,5.00116,2.99191,0.0704854,2.90726,3.07326,12.1591,0.0704854,12.0744,12.2404,
4.4,29,6,7,6,6,6,0,0,0,0,0,0,0,0,0,0,0,0,4.166,0,4.166,4.166,5.00116,0,5.00116,5.00116,3.00893,0.0742473,2.92526,3.09326,12.1761,0.0742473,12.0924,12.2604,
4.4,4,3,8,6,6,6,0,0,0,0,0,0,0,0,0,0,0,0,4.166,0,4.166,4.166,5.00116,0,5.00116,5.00116,3.54167,0.0746841,3.46098,3.62898,12.7088,0.0746841,12.6281,12.7961,
4.4,11,3,8,6,5,5,0,0,0,0,0,0,0,0,0,0,0,0,4.166,0,4.166,4.166,5.00116,0,5.00116,5.00116,3.98384,0.401653,3.34112,4.27498,13.151,0.401653,12.5083,13.4421,
4.4,15,4,8,6,6,6,0,0,0,0,0,0,0,0,0,0,0,0,4.166,0,4.166,4.166,5.02403,0,5.02403,5.02403,3.0132,0.0598845,2.94011,3.07439,12.2032,0.0598845,12.1301,12.2644,
4.4,20,5,8,6,6,6,0,0,0,0,0,0,0,0,0,0,0,0,4.166,0,4.166,4.166,5.00116,0,5.00116,5.00116,6.31798,0.0751399,6.23298,6.40298,15.4851,0.0751399,15.4001,15.5701,
4.4,5,2,2,6,6,6,0,0,0,0,0,0,0,0,0,0,0,0,8.333,0,8.333,8.333,0,0,0,0,2.94214,0.197094,2.69114,3.10914,11.2751,0.197094,11.0241,11.4421,
4.4,6,2,2,6,6,6,0,0,0,0,0,0,0,0,0,0,0,0,8.333,0,8.333,8.333,0,0,0,0,2.81881,0.0742473,2.73514,2.90314,11.1518,0.0742473,11.0681,11.2361,
4.4,26,6,2,6,6,6,0,0,0,0,0,0,0,0,0,0,0,0,8.333,0,8.333,8.333,1.00072,0,1.00072,1.00072,2.81742,0.0751399,2.73242,2.90242,12.1511,0.0751399,12.0661,12.2361,
4.4,1,2,3,6,6,6,0,0,0,0,0,0,0,0,0,0,0,0,8.333,0,8.333,8.333,1.00072,0,1.00072,1.00072,4.45761,0.0742473,4.37328,4.54128,13.7913,0.0742473,13.707,13.875,
4.4,8,3,3,6,6,6,0,0,0,0,0,0,0,0,0,0,0,0,8.333,0,8.333,8.333,0,0,0,0,3.67314,0.436688,2.96514,4.21314,12.0061,0.436688,11.2981,12.5461,
4.4,17,4,3,6,6,6,0,0,0,0,0,0,0,0,0,0,0,0,8.333,0,8.333,8.333,1.00072,0,1.00072,1.00072,2.79742,0.0751399,2.71242,2.88242,12.1311,0.0751399,12.0461,12.2161,
4.4,16,4,4,6,6,6,0,0,0,0,0,0,0,0,0,0,0,0,8.333,0,8.333,8.333,0,0,0,0,2.98547,0.196755,2.73514,3.15314,11.3185,0.196755,11.0681,11.4861,
4.4,19,5,4,6,6,6,0,0,0,0,0,0,0,0,0,0,0,0,8.333,0,8.333,8.333,1.00072,0,1.00072,1.00072,5.70004,0.325442,5.28171,5.95171,15.0338,0.325442,14.6154,15.2854,
4.4,21,5,4,6,6,6,0,0,0,0,0,0,0,0,0,0,0,0,8.333,0,8.333,8.333,1.00072,0,1.00072,1.00072,2.83809,0.0742473,2.75442,2.92242,12.1718,0.0742473,12.0881,12.2561,
4.4,23,5,5,6,6,6,0,0,0,0,0,0,0,0,0,0,0,0,8.333,0,8.333,8.333,0,0,0,0,6.99405,0.0742473,6.90971,7.07771,15.327,0.0742473,15.2427,15.4107,
4.4,24,5,5,6,6,6,0,0,0,0,0,0,0,0,0,0,0,0,8.333,0,8.333,8.333,0,0,0,0,7.02814,0.0751399,6.94314,7.11314,15.3611,0.0751399,15.2761,15.4461,
4.4,27,6,5,6,6,6,0,0,0,0,0,0,0,0,0,0,0,0,8.333,0,8.333,8.333,1.00072,0,1.00072,1.00072,3.11075,0.197769,2.94242,3.36242,12.4445,0.197769,12.2761,12.6961,
4.4,9,3,6,6,6,6,0,0,0,0,0,0,0,0,0,0,0,0,8.333,0,8.333,8.333,1.00072,0,1.00072,1.00072,3.65404,0.254293,3.23242,3.86271,12.9878,0.254293,12.5661,13.1964,
4.4,25,6,6,6,6,6,0,0,0,0,0,0,0,0,0,0,0,0,8.333,0,8.333,8.333,0,0,0,0,3.23166,0.215904,3.05143,3.50714,11.5647,0.215904,11.3844,11.8401,
4.4,30,6,6,6,6,6,0,0,0,0,0,0,0,0,0,0,0,0,8.333,0,8.333,8.333,0,0,0,0,3.17214,0.0751399,3.08714,3.25714,11.5051,0.0751399,11.4201,11.5901,
4.5,2,2,7,6,6,6,0,0,0,0,0,0,0,0,0,0,0,0,4.166,0,4.166,4.166,5.00116,0,5.00116,5.00116,4.61198,0.197094,4.44498,4.86298,13.7791,0.197094,13.6121,14.0301,
4.5,7,2,7,6,6,6,0,0,0,0,0,0,0,0,0,0,0,0,4.166,0,4.166,4.166,5.00116,0,5.00116,5.00116,3.01607,0.0598845,2.94298,3.07726,12.1832,0.0598845,12.1101,12.2444,
4.5,18,4,7,6,6,6,0,0,0,0,0,0,0,0,0,0,0,0,4.166,0,4.166,4.166,5.00116,0,5.00116,5.00116,2.99293,0.0742473,2.90926,3.07726,12.1601,0.0742473,12.0764,12.2444,
4.5,29,6,7,6,6,6,0,0,0,0,0,0,0,0,0,0,0,0,4.166,0,4.166,4.166,5.00116,0,5.00116,5.00116,3.01293,0.0742473,2.92926,3.09726,12.1801,0.0742473,12.0964,12.2644,
4.5,4,3,8,6,6,6,0,0,0,0,0,0,0,0,0,0,0,0,4.166,0,4.166,4.166,5.00116,0,5.00116,5.00116,3.10222,0.230189,2.92926,3.54698,12.2694,0.230189,12.0964,12.7141,
4.5,11,3,8,6,7,7,0,0,0,0,0,0,0,0,0,0,0,0,4.166,0,4.166,4.166,5.00116,0,5.00116,5.00116,3.09294,0.273136,2.90926,3.69298,12.2601,0.273136,12.0764,12.8601,
4.5,15,4,8,6,6,6,0,0,0,0,0,0,0,0,0,0,0,0,4.166,0,4.166,4.166,5.02403,0,5.02403,5.02403,3.0172,0.0598845,2.94411,3.07839,12.2072,0.0598845,12.1341,12.2684,
4.5,20,5,8,6,6,6,0,0,0,0,0,0,0,0,0,0,0,0,4.166,0,4.166,4.166,5.00116,0,5.00116,5.00116,6.32198,0.0751399,6.23698,6.40698,15.4891,0.0751399,15.4041,15.5741,
4.5,5,2,2,6,6,6,0,0,0,0,0,0,0,0,0,0,0,0,8.333,0,8.333,8.333,0,0,0,0,2.94614,0.197094,2.69514,3.11314,11.2791,0.197094,11.0281,11.4461,
4.5,6,2,2,6,6,6,0,0,0,0,0,0,0,0,0,0,0,0,8.333,0,8.333,8.333,0,0,0,0,2.82281,0.0742473,2.73914,2.90714,11.1558,0.0742473,11.0721,11.2401,
4.5,26,6,2,6,6,6,0,0,0,0,0,0,0,0,0,0,0,0,8.333,0,8.333,8.333,1.00072,0,1.00072,1.00072,2.82142,0.0751399,2.73642,2.90642,12.1551,0.0751399,12.0701,12.2401,
4.5,1,2,3,6,6,6,0,0,0,0,0,0,0,0,0,0,0,0,8.333,0,8.333,8.333,1.00072,0,1.00072,1.00072,4.46161,0.0742473,4.37728,4.54528,13.7953,0.0742473,13.711,13.879,
4.5,8,3,3,6,6,6,0,0,0,0,0,0,0,0,0,0,0,0,8.333,0,8.333,8.333,0,0,0,0,2.83785,0.0775458,2.71914,2.93143,11.1709,0.0775458,11.0521,11.2644,
4.5,17,4,3,6,6,6,0,0,0,0,0,0,0,0,0,0,0,0,8.333,0,8.333,8.333,1.00072,0,1.00072,1.00072,2.80142,0.0751399,2.71642,2.88642,12.1351,0.0751399,12.0501,12.2201,
4.5,16,4,4,6,6,6,0,0,0,0,0,0,0,0,0,0,0,0,8.333,0,8.333,8.333,0,0,0,0,2.98947,0.196755,2.73914,3.15714,11.3225,0.196755,11.0721,11.4901,
4.5,19,5,4,6,6,6,0,0,0,0,0,0,0,0,0,0,0,0,8.333,0,8.333,8.333,1.00072,0,1.00072,1.00072,5.70404,0.325442,5.28571,5.95571,15.0378,0.325442,14.6194,15.2894,
4.5,21,5,4,6,6,6,0,0,0,0,0,0,0,0,0,0,0,0,8.333,0,8.333,8.333,1.00072,0,1.00072,1.00072,2.84209,0.0742473,2.75842,2.92642,12.1758,0.0742473,12.0921,12.2601,
4.5,23,5,5,6,6,6,0,0,0,0,0,0,0,0,0,0,0,0,8.333,0,8.333,8.333,0,0,0,0,6.99805,0.0742473,6.91371,7.08171,15.331,0.0742473,15.2467,15.4147,
4.5,24,5,5,6,6,6,0,0,0,0,0,0,0,0,0,0,0,0,8.333,0,8.333,8.333,0,0,0,0,7.03214,0.0751399,6.94714,7.11714,15.3651,0.0751399,15.2801,15.4501,
4.5,27,6,5,6,6,6,0,0,0,0,0,0,0,0,0,0,0,0,8.333,0,8.333,8.333,1.00072,0,1.00072,1.00072,3.11475,0.197769,2.94642,3.36642,12.4485,0.197769,12.2801,12.7001,
4.5,25,6,6,6,6,6,0,0,0,0,0,0,0,0,0,0,0,0,8.333,0,8.333,8.333,0,0,0,0,3.23566,0.215904,3.05543,3.51114,11.5687,0.215904,11.3884,11.8441,
4.5,30,6,6,6,6,6,0,0,0,0,0,0,0,0,0,0,0,0,8.333,0,8.333,8.333,0,0,0,0,3.17614,0.0751399,3.09114,3.26114,11.5091,0.0751399,11.4241,11.5941,
4.6,2,2,7,6,6,6,0,0,0,0,0,0,0,0,0,0,0,0,4.166,0,4.166,4.166,5.00116,0,5.00116,5.00116,4.61598,0.197094,4.44898,4.86698,13.7831,0.197094,13.6161,14.0341,
4.6,7,2,7,6,6,6,0,0,0,0,0,0,0,0,0,0,0,0,4.166,0,4.166,4.166,5.00116,0,5.00116,5.00116,3.02007,0.0598845,2.94698,3.08126,12.1872,0.0598845,12.1141,12.2484,
4.6,18,4,7,6,6,6,0,0,0,0,0,0,0,0,0,0,0,0,4.166,0,4.166,4.166,5.00116,0,5.00116,5.00116,3.93145,0.509221,2.99526,4.54355,13.0986,0.509221,12.1624,13.7107,
4.6,29,6,7,6,6,6,0,0,0,0,0,0,0,0,0,0,0,0,4.166,0,4.166,4.166,5.00116,0,5.00116,5.00116,3.01693,0.0742473,2.93326,3.10126,12.1841,0.0742473,12.1004,12.2684,
4.6,4,3,8,6,6,6,0,0,0,0,0,0,0,0,0,0,0,0,4.166,0,4.166,4.166,5.00116,0,5.00116,5.00116,3.76098,0.12687,3.55098,3.88698,12.9281,0.12687,12.7181,13.0541,
4.6,11,3,8,6,6,6,0,0,0,0,0,0,0,0,0,0,0,0,4.166,0,4.166,4.166,5.00116,0,5.00116,5.00116,2.99693,0.0742473,2.91326,3.08126,12.1641,0.0742473,12.0804,12.2484,
4.6,15,4,8,6,6,6,0,0,0,0,0,0,0,0,0,0,0,0,4.166,0,4.166,4.166,5.02403,0,5.02403,5.02403,3.0212,0.0598845,2.94811,3.08239,12.2112,0.0598845,12.1381,12.2724,
4.6,20,5,8,6,6,6,0,0,0,0,0,0,0,0,0,0,0,0,4.166,0,4.166,4.166,5.00116,0,5.00116,5.00116,6.56407,0.221328,6.24098,6.90898,15.7312,0.221328,15.4081,16.0761,
4.6,5,2,2,6,6,6,0,0,0,0,0,0,0,0,0,0,0,0,8.333,0,8.333,8.333,0,0,0,0,2.95014,0.197094,2.69914,3.11714,11.2831,0.197094,11.0321,11.4501,
4.6,6,2,2,6,6,6,0,0,0,0,0,0,0,0,0,0,0,0,8.333,0,8.333,8.333,0,0,0,0,2.82681,0.0742473,2.74314,2.91114,11.1598,0.0742473,11.0761,11.2441,
4.6,26,6,2,6,6,6,0,0,0,0,0,0,0,0,0,0,0,0,8.333,0,8.333,8.333,1.00072,0,1.00072,1.00072,2.82542,0.0751399,2.74042,2.91042,12.1591,0.0751399,12.0741,12.2441,
4.6,1,2,3,6,6,6,0,0,0,0,0,0,0,0,0,0,0,0,8.333,0,8.333,8.333,1.00072,0,1.00072,1.00072,4.46561,0.0742473,4.38128,4.54928,13.7993,0.0742473,13.715,13.883,
4.6,8,3,3,6,6,6,0,0,0,0,0,0,0,0,0,0,0,0,8.333,0,8.333,8.333,0,0,0,0,2.80614,0.0751399,2.72114,2.89114,11.1391,0.0751399,11.0541,11.2241,
4.6,17,4,3,6,6,6,0,0,0,0,0,0,0,0,0,0,0,0,8.333,0,8.333,8.333,1.00072,0,1.00072,1.00072,2.80542,0.0751399,2.72042,2.89042,12.1391,0.0751399,12.0541,12.2241,
4.6,16,4,4,6,6,6,0,0,0,0,0,0,0,0,0,0,0,0,8.333,0,8.333,8.333,0,0,0,0,2.99347,0.196755,2.74314,3.16114,11.3265,0.196755,11.0761,11.4941,
4.6,19,5,4,6,6,6,0,0,0,0,0,0,0,0,0,0,0,0,8.333,0,8.333,8.333,1.00072,0,1.00072,1.00072,5.93125,0.386701,5.28971,6.31485,15.265,0.386701,14.6234,15.6486,
4.6,21,5,4,6,6,6,0,0,0,0,0,0,0,0,0,0,0,0,8.333,0,8.333,8.333,1.00072,0,1.00072,1.00072,2.84609,0.0742473,2.76242,2.93042,12.1798,0.0742473,12.0961,12.2641,
4.6,23,5,5,6,6,6,0,0,0,0,0,0,0,0,0,0,0,0,8.333,0,8.333,8.333,0,0,0,0,7.21038,0.182923,6.99114,7.50171,15.5434,0.182923,15.3241,15.8347,
4.6,24,5,5,6,6,6,0,0,0,0,0,0,0,0,0,0,0,0,8.333,0,8.333,8.333,0,0,0,0,7.3784,0.316927,6.95114,7.86914,15.7114,0.316927,15.2841,16.2021,
4.6,27,6,5,6,6,6,0,0,0,0,0,0,0,0,0,0,0,0,8.333,0,8.333,8.333,1.00072,0,1.00072,1.00072,3.11875,0.197769,2.95042,3.37042,12.4525,0.197769,12.2841,12.7041,
4.6,13,4,6,6,5,5,0,0,0,0,0,0,0,0,0,0,0,0,8.333,0,8.333,8.333,1.00072,0,1.00072,1.00072,4.21642,0.497886,3.93242,5.09842,13.5501,0.497886,13.2661,14.4321,
4.6,25,6,6,6,6,6,0,0,0,0,0,0,0,0,0,0,0,0,8.333,0,8.333,8.333,0,0,0,0,3.23966,0.215904,3.05943,3.51514,11.5727,0.215904,11.3924,11.8481,
4.6,30,6,6,6,6,6,0,0,0,0,0,0,0,0,0,0,0,0,8.333,0,8.333,8.333,0,0,0,0,3.18014,0.0751399,3.09514,3.26514,11.5131,0.0751399,11.4281,11.5981,
4.7,2,2,7,6,6,6,0,0,0,0,0,0,0,0,0,0,0,0,4.166,0,4.166,4.166,5.00116,0,5.00116,5.00116,4.61998,0.197094,4.45298,4.87098,13.7871,0.197094,13.6201,14.0381,
4.7,7,2,7,6,6,6,0,0,0,0,0,0,0,0,0,0,0,0,4.166,0,4.166,4.166,5.00116,0,5.00116,5.00116,3.14907,0.255526,2.95098,3.58326,12.3162,0.255526,12.1181,12.7504,
4.7,18,4,7,6,6,6,0,0,0,0,0,0,0,0,0,0,0,0,4.166,0,4.166,4.166,5.00116,0,5.00116,5.00116,4.03664,0.0742473,3.95298,4.12098,13.2038,0.0742473,13.1201,13.2881,
4.7,29,6,7,6,6,6,0,0,0,0,0,0,0,0,0,0,0,0,4.166,0,4.166,4.166,5.00116,0,5.00116,5.00116,3.02093,0.0742473,2.93726,3.10526,12.1881,0.0742473,12.1044,12.2724,
4.7,4,3,8,6,6,6,0,0,0,0,0,0,0,0,0,0,0,0,4.166,0,4.166,4.166,5.00116,0,5.00116,5.00116,3.1995,0.331642,2.93926,3.80498,12.3667,0.331642,12.1064,12.9721,
4.7,11,3,8,6,6,6,0,0,0,0,0,0,0,0,0,0,0,0,4.166,0,4.166,4.166,5.00116,0,5.00116,5.00116,3.00093,0.0742473,2.91726,3.08526,12.1681,0.0742473,12.0844,12.2524,
4.7,15,4,8,6,6,6,0,0,0,0,0,0,0,0,0,0,0,0,4.166,0,4.166,4.166,5.02403,0,5.02403,5.02403,3.0252,0.0598845,2.95211,3.08639,12.2152,0.0598845,12.1421,12.2764,
4.7,20,5,8,6,6,6,0,0,0,0,0,0,0,0,0,0,0,0,4.166,0,4.166,4.166,5.00116,0,5.00116,5.00116,6.41034,0.167322,6.24698,6.72712,15.5775,0.167322,15.4141,15.8943,
4.7,5,2,2,6,6,6,0,0,0,0,0,0,0,0,0,0,0,0,8.333,0,8.333,8.333,0,0,0,0,2.95414,0.197094,2.70314,3.12114,11.2871,0.197094,11.0361,11.4541,
4.7,6,2,2,6,6,6,0,0,0,0,0,0,0,0,0,0,0,0,8.333,0,8.333,8.333,0,0,0,0,2.83081,0.0742473,2.74714,2.91514,11.1638,0.0742473,11.0801,11.2481,
4.7,26,6,2,6,6,6,0,0,0,0,0,0,0,0,0,0,0,0,8.333,0,8.333,8.333,1.00072,0,1.00072,1.00072,2.82942,0.0751399,2.74442,2.91442,12.1631,0.0751399,12.0781,12.2481,
4.7,1,2,3,6,6,6,0,0,0,0,0,0,0,0,0,0,0,0,8.333,0,8.333,8.333,1.00072,0,1.00072,1.00072,4.46961,0.0742473,4.38528,4.55328,13.8033,0.0742473,13.719,13.887,
4.7,8,3,3,6,6,6,0,0,0,0,0,0,0,0,0,0,0,0,8.333,0,8.333,8.333,0,0,0,0,2.81014,0.0751399,2.72514,2.89514,11.1431,0.0751399,11.0581,11.2281,
4.7,17,4,3,6,6,6,0,0,0,0,0,0,0,0,0,0,0,0,8.333,0,8.333,8.333,1.00072,0,1.00072,1.00072,2.80942,0.0751399,2.72442,2.89442,12.1431,0.0751399,12.0581,12.2281,
4.7,16,4,4,6,6,6,0,0,0,0,0,0,0,0,0,0,0,0,8.333,0,8.333,8.333,0,0,0,0,2.99747,0.196755,2.74714,3.16514,11.3305,0.196755,11.0801,11.4981,
4.7,19,5,4,6,6,6,0,0,0,0,0,0,0,0,0,0,0,0,8.333,0,8.333,8.333,1.00072,0,1.00072,1.00072,5.77156,0.259633,5.29571,5.96371,15.1053,0.259633,14.6294,15.2974,
4.7,21,5,4,6,6,6,0,0,0,0,0,0,0,0,0,0,0,0,8.333,0,8.333,8.333,1.00072,0,1.00072,1.00072,2.76675,0.0742473,2.68242,2.85042,12.1005,0.0742473,12.0161,12.1841,
4.7,23,5,5,6,6,6,0,0,0,0,0,0,0,0,0,0,0,0,8.333,0,8.333,8.333,0,0,0,0,7.10128,0.280359,6.92171,7.65914,15.4343,0.280359,15.2547,15.9921,
4.7,24,5,5,6,6,6,0,0,0,0,0,0,0,0,0,0,0,0,8.333,0,8.333,8.333,0,0,0,0,7.14728,0.229492,6.95714,7.598,15.4803,0.229492,15.2901,15.931,
4.7,27,6,5,6,6,6,0,0,0,0,0,0,0,0,0,0,0,0,8.333,0,8.333,8.333,1.00072,0,1.00072,1.00072,3.20609,0.197769,2.95442,3.37442,12.5398,0.197769,12.2881,12.7081,
4.7,13,4,6,6,6,6,0,0,0,0,0,0,0,0,0,0,0,0,8.333,0,8.333,8.333,1.00072,0,1.00072,1.00072,4.02009,0.0742473,3.93642,4.10442,13.3538,0.0742473,13.2701,13.4381,
4.7,25,6,6,6,6,6,0,0,0,0,0,0,0,0,0,0,0,0,8.333,0,8.333,8.333,0,0,0,0,3.3389,0.215904,3.06343,3.51914,11.6719,0.215904,11.3964,11.8521,
4.7,30,6,6,6,6,6,0,0,0,0,0,0,0,0,0,0,0,0,8.333,0,8.333,8.333,0,0,0,0,3.18414,0.0751399,3.09914,3.26914,11.5171,0.0751399,11.4321,11.6021,
4.8,2,2,7,6,6,6,0,0,0,0,0,0,0,0,0,0,0,0,4.166,0,4.166,4.166,5.00116,0,5.00116,5.00116,4.62398,0.197094,4.45698,4.87498,13.7911,0.197094,13.6241,14.0421,
4.8,7,2,7,6,6,6,0,0,0,0,0,0,0,0,0,0,0,0,4.166,0,4.166,4.166,5.00116,0,5.00116,5.00116,3.02807,0.0598845,2.95498,3.08926,12.1952,0.0598845,12.1221,12.2564,
4.8,18,4,7,6,6,6,0,0,0,0,0,0,0,0,0,0,0,0,4.166,0,4.166,4.166,5.00116,0,5.00116,5.00116,4.04064,0.0742473,3.95698,4.12498,13.2078,0.0742473,13.1241,13.2921,
4.8,29,6,7,6,6,6,0,0,0,0,0,0,0,0,0,0,0,0,4.166,0,4.166,4.166,5.00116,0,5.00116,5.00116,3.02493,0.0742473,2.94126,3.10926,12.1921,0.0742473,12.1084,12.2764,
4.8,4,3,8,6,6,6,0,0,0,0,0,0,0,0,0,0,0,0,4.166,0,4.166,4.166,5.00116,0,5.00116,5.00116,3.47136,0.231736,3.02326,3.64498,12.6385,0.231736,12.1904,12.8121,
4.8,11,3,8,6,6,6,0,0,0,0,0,0,0,0,0,0,0,0,4.166,0,4.166,4.166,5.00116,0,5.00116,5.00116,3.00493,0.0742473,2.92126,3.08926,12.1721,0.0742473,12.0884,12.2564,
4.8,15,4,8,6,6,6,0,0,0,0,0,0,0,0,0,0,0,0,4.166,0,4.166,4.166,5.02403,0,5.02403,5.02403,3.0292,0.0598845,2.95611,3.09039,12.2192,0.0598845,12.1461,12.2804,
4.8,20,5,8,6,6,6,0,0,0,0,0,0,0,0,0,0,0,0,4.166,0,4.166,4.166,5.00116,0,5.00116,5.00116,6.33398,0.0751399,6.24898,6.41898,15.5011,0.0751399,15.4161,15.5861,
4.8,5,2,2,6,6,6,0,0,0,0,0,0,0,0,0,0,0,0,8.333,0,8.333,8.333,0,0,0,0,2.95814,0.197094,2.70714,3.12514,11.2911,0.197094,11.0401,11.4581,
4.8,6,2,2,6,6,6,0,0,0,0,0,0,0,0,0,0,0,0,8.333,0,8.333,8.333,0,0,0,0,2.83481,0.0742473,2.75114,2.91914,11.1678,0.0742473,11.0841,11.2521,
4.8,26,6,2,6,6,6,0,0,0,0,0,0,0,0,0,0,0,0,8.333,0,8.333,8.333,1.00072,0,1.00072,1.00072,2.83342,0.0751399,2.74842,2.91842,12.1671,0.0751399,12.0821,12.2521,
4.8,1,2,3,6,6,6,0,0,0,0,0,0,0,0,0,0,0,0,8.333,0,8.333,8.333,1.00072,0,1.00072,1.00072,4.47361,0.0742473,4.38928,4.55728,13.8073,0.0742473,13.723,13.891,
4.8,8,3,3,6,6,6,0,0,0,0,0,0,0,0,0,0,0,0,8.333,0,8.333,8.333,0,0,0,0,2.81414,0.0751399,2.72914,2.89914,11.1471,0.0751399,11.0621,11.2321,
4.8,17,4,3,6,6,6,0,0,0,0,0,0,0,0,0,0,0,0,8.333,0,8.333,8.333,1.00072,0,1.00072,1.00072,2.81342,0.0751399,2.72842,2.89842,12.1471,0.0751399,12.0621,12.2321,
4.8,16,4,4,6,6,6,0,0,0,0,0,0,0,0,0,0,0,0,8.333,0,8.333,8.333,0,0,0,0,3.00147,0.196755,2.75114,3.16914,11.3345,0.196755,11.0841,11.5021,
4.8,19,5,4,6,6,6,0,0,0,0,0,0,0,0,0,0,0,0,8.333,0,8.333,8.333,1.00072,0,1.00072,1.00072,5.71604,0.325442,5.29771,5.96771,15.0498,0.325442,14.6314,15.3014,
4.8,21,5,4,6,6,6,0,0,0,0,0,0,0,0,0,0,0,0,8.333,0,8.333,8.333,1.00072,0,1.00072,1.00072,2.77075,0.0742473,2.68642,2.85442,12.1045,0.0742473,12.0201,12.1881,
4.8,23,5,5,6,6,6,0,0,0,0,0,0,0,0,0,0,0,0,8.333,0,8.333,8.333,0,0,0,0,7.01005,0.0742473,6.92571,7.09371,15.343,0.0742473,15.2587,15.4267,
4.8,24,5,5,6,6,6,0,0,0,0,0,0,0,0,0,0,0,0,8.333,0,8.333,8.333,0,0,0,0,7.04414,0.0751399,6.95914,7.12914,15.3771,0.0751399,15.2921,15.4621,
4.8,27,6,5,6,6,6,0,0,0,0,0,0,0,0,0,0,0,0,8.333,0,8.333,8.333,1.00072,0,1.00072,1.00072,3.21009,0.197769,2.95842,3.37842,12.5438,0.197769,12.2921,12.7121,
4.8,13,4,6,6,6,6,0,0,0,0,0,0,0,0,0,0,0,0,8.333,0,8.333,8.333,1.00072,0,1.00072,1.00072,4.02409,0.0742473,3.94042,4.10842,13.3578,0.0742473,13.2741,13.4421,
4.8,25,6,6,6,6,6,0,0,0,0,0,0,0,0,0,0,0,0,8.333,0,8.333,8.333,0,0,0,0,3.3429,0.215904,3.06743,3.52314,11.6759,0.215904,11.4004,11.8561,
4.8,30,6,6,6,6,6,0,0,0,0,0,0,0,0,0,0,0,0,8.333,0,8.333,8.333,0,0,0,0,3.18814,0.0751399,3.10314,3.27314,11.5211,0.0751399,11.4361,11.6061,
4.9,2,2,7,6,6,6,0,0,0,0,0,0,0,0,0,0,0,0,4.166,0,4.166,4.166,5.00116,0,5.00116,5.00116,4.62798,0.197094,4.46098,4.87898,13.7951,0.197094,13.6281,14.0461,
4.9,7,2,7,6,6,6,0,0,0,0,0,0,0,0,0,0,0,0,4.166,0,4.166,4.166,5.00116,0,5.00116,5.00116,3.03207,0.0598845,2.95898,3.09326,12.1992,0.0598845,12.1261,12.2604,
4.9,18,4,7,6,6,6,0,0,0,0,0,0,0,0,0,0,0,0,4.166,0,4.166,4.166,5.00116,0,5.00116,5.00116,4.04464,0.0742473,3.96098,4.12898,13.2118,0.0742473,13.1281,13.2961,
4.9,29,6,7,6,6,6,0,0,0,0,0,0,0,0,0,0,0,0,4.166,0,4.166,4.166,5.00116,0,5.00116,5.00116,3.02893,0.0742473,2.94526,3.11326,12.1961,0.0742473,12.1124,12.2804,
4.9,4,3,8,6,6,6,0,0,0,0,0,0,0,0,0,0,0,0,4.166,0,4.166,4.166,5.00116,0,5.00116,5.00116,3.15988,0.233471,2.94526,3.56298,12.327,0.233471,12.1124,12.7301,
4.9,11,3,8,6,6,6,0,0,0,0,0,0,0,0,0,0,0,0,4.166,0,4.166,4.166,5.00116,0,5.00116,5.00116,3.00893,0.0742473,2.92526,3.09326,12.1761,0.0742473,12.0924,12.2604,
4.9,15,4,8,6,6,6,0,0,0,0,0,0,0,0,0,0,0,0,4.166,0,4.166,4.166,5.02403,0,5.02403,5.02403,3.0332,0.0598845,2.96011,3.09439,12.2232,0.0598845,12.1501,12.2844,
4.9,20,5,8,6,6,6,0,0,0,0,0,0,0,0,0,0,0,0,4.166,0,4.166,4.166,5.00116,0,5.00116,5.00116,6.33798,0.0751399,6.25298,6.42298,15.5051,0.0751399,15.4201,15.5901,
4.9,5,2,2,6,6,6,0,0,0,0,0,0,0,0,0,0,0,0,8.333,0,8.333,8.333,0,0,0,0,2.96214,0.197094,2.71114,3.12914,11.2951,0.197094,11.0441,11.4621,
4.9,6,2,2,6,6,6,0,0,0,0,0,0,0,0,0,0,0,0,8.333,0,8.333,8.333,0,0,0,0,2.83881,0.0742473,2.75514,2.92314,11.1718,0.0742473,11.0881,11.2561,
4.9,26,6,2,6,6,6,0,0,0,0,0,0,0,0,0,0,0,0,8.333,0,8.333,8.333,1.00072,0,1.00072,1.00072,2.83742,0.0751399,2.75242,2.92242,12.1711,0.0751399,12.0861,12.2561,
4.9,1,2,3,6,6,6,0,0,0,0,0,0,0,0,0,0,0,0,8.333,0,8.333,8.333,1.00072,0,1.00072,1.00072,4.47761,0.0742473,4.39328,4.56128,13.8113,0.0742473,13.727,13.895,
4.9,8,3,3,6,6,6,0,0,0,0,0,0,0,0,0,0,0,0,8.333,0,8.333,8.333,0,0,0,0,2.81814,0.0751399,2.73314,2.90314,11.1511,0.0751399,11.0661,11.2361,
4.9,17,4,3,6,6,6,0,0,0,0,0,0,0,0,0,0,0,0,8.333,0,8.333,8.333,1.00072,0,1.00072,1.00072,2.81742,0.0751399,2.73242,2.90242,12.1511,0.0751399,12.0661,12.2361,
4.9,16,4,4,6,6,6,0,0,0,0,0,0,0,0,0,0,0,0,8.333,0,8.333,8.333,0,0,0,0,3.00547,0.196755,2.75514,3.17314,11.3385,0.196755,11.0881,11.5061,
4.9,19,5,4,6,6,6,0,0,0,0,0,0,0,0,0,0,0,0,8.333,0,8.333,8.333,1.00072,0,1.00072,1.00072,5.72004,0.325442,5.30171,5.97171,15.0538,0.325442,14.6354,15.3054,
4.9,21,5,4,6,6,6,0,0,0,0,0,0,0,0,0,0,0,0,8.333,0,8.333,8.333,1.00072,0,1.00072,1.00072,2.77475,0.0742473,2.69042,2.85842,12.1085,0.0742473,12.0241,12.1921,
4.9,23,5,5,6,6,6,0,0,0,0,0,0,0,0,0,0,0,0,8.333,0,8.333,8.333,0,0,0,0,7.01405,0.0742473,6.92971,7.09771,15.347,0.0742473,15.2627,15.4307,
4.9,24,5,5,6,6,6,0,0,0,0,0,0,0,0,0,0,0,0,8.333,0,8.333,8.333,0,0,0,0,7.04814,0.0751399,6.96314,7.13314,15.3811,0.0751399,15.2961,15.4661,
4.9,27,6,5,6,6,6,0,0,0,0,0,0,0,0,0,0,0,0,8.333,0,8.333,8.333,1.00072,0,1.00072,1.00072,3.21409,0.197769,2.96242,3.38242,12.5478,0.197769,12.2961,12.7161,
4.9,13,4,6,6,6,6,0,0,0,0,0,0,0,0,0,0,0,0,8.333,0,8.333,8.333,1.00072,0,1.00072,1.00072,4.02809,0.0742473,3.94442,4.11242,13.3618,0.0742473,13.2781,13.4461,
4.9,25,6,6,6,6,6,0,0,0,0,0,0,0,0,0,0,0,0,8.333,0,8.333,8.333,0,0,0,0,3.3469,0.215904,3.07143,3.52714,11.6799,0.215904,11.4044,11.8601,
4.9,30,6,6,6,6,6,0,0,0,0,0,0,0,0,0,0,0,0,8.333,0,8.333,8.333,0,0,0,0,3.19214,0.0751399,3.10714,3.27714,11.5251,0.0751399,11.4401,11.6101,
5,2,2,7,6,6,6,0,0,0,0,0,0,0,0,0,0,0,0,4.166,0,4.166,4.166,5.00116,0,5.00116,5.00116,4.63198,0.197094,4.46498,4.88298,13.7991,0.197094,13.6321,14.0501,
5,18,4,7,6,6,6,0,0,0,0,0,0,0,0,0,0,0,0,4.166,0,4.166,4.166,5.00116,0,5.00116,5.00116,4.04864,0.0742473,3.96498,4.13298,13.2158,0.0742473,13.1321,13.3001,
5,29,6,7,6,6,6,0,0,0,0,0,0,0,0,0,0,0,0,4.166,0,4.166,4.166,5.00116,0,5.00116,5.00116,3.03293,0.0742473,2.94926,3.11726,12.2001,0.0742473,12.1164,12.2844,
5,4,3,8,6,6,6,0,0,0,0,0,0,0,0,0,0,0,0,4.166,0,4.166,4.166,5.00116,0,5.00116,5.00116,3.03293,0.0742473,2.94926,3.11726,12.2001,0.0742473,12.1164,12.2844,
5,11,3,8,6,6,6,0,0,0,0,0,0,0,0,0,0,0,0,4.166,0,4.166,4.166,5.00116,0,5.00116,5.00116,3.01293,0.0742473,2.92926,3.09726,12.1801,0.0742473,12.0964,12.2644,
5,15,4,8,6,6,6,0,0,0,0,0,0,0,0,0,0,0,0,4.166,0,4.166,4.166,5.02403,0,5.02403,5.02403,3.0372,0.0598845,2.96411,3.09839,12.2272,0.0598845,12.1541,12.2884,
5,20,5,8,6,6,6,0,0,0,0,0,0,0,0,0,0,0,0,4.166,0,4.166,4.166,5.00116,0,5.00116,5.00116,6.34198,0.0751399,6.25698,6.42698,15.5091,0.0751399,15.4241,15.5941,
5,5,2,2,6,6,6,0,0,0,0,0,0,0,0,0,0,0,0,8.333,0,8.333,8.333,0,0,0,0,2.79947,0.0742473,2.71514,2.88314,11.1325,0.0742473,11.0481,11.2161,
5,6,2,2,6,6,6,0,0,0,0,0,0,0,0,0,0,0,0,8.333,0,8.333,8.333,0,0,0,0,2.84281,0.0742473,2.75914,2.92714,11.1758,0.0742473,11.0921,11.2601,
5,26,6,2,6,6,6,0,0,0,0,0,0,0,0,0,0,0,0,8.333,0,8.333,8.333,1.00072,0,1.00072,1.00072,2.84142,0.0751399,2.75642,2.92642,12.1751,0.0751399,12.0901,12.2601,
5,1,2,3,6,6,6,0,0,0,0,0,0,0,0,0,0,0,0,8.333,0,8.333,8.333,1.00072,0,1.00072,1.00072,4.48161,0.0742473,4.39728,4.56528,13.8153,0.0742473,13.731,13.899,
5,8,3,3,6,6,6,0,0,0,0,0,0,0,0,0,0,0,0,8.333,0,8.333,8.333,0,0,0,0,2.82214,0.0751399,2.73714,2.90714,11.1551,0.0751399,11.0701,11.2401,
5,17,4,3,6,6,6,0,0,0,0,0,0,0,0,0,0,0,0,8.333,0,8.333,8.333,1.00072,0,1.00072,1.00072,2.82142,0.0751399,2.73642,2.90642,12.1551,0.0751399,12.0701,12.2401,
5,16,4,4,6,6,6,0,0,0,0,0,0,0,0,0,0,0,0,8.333,0,8.333,8.333,0,0,0,0,3.00947,0.196755,2.75914,3.17714,11.3425,0.196755,11.0921,11.5101,
5,19,5,4,6,6,6,0,0,0,0,0,0,0,0,0,0,0,0,8.333,0,8.333,8.333,1.00072,0,1.00072,1.00072,5.72404,0.325442,5.30571,5.97571,15.0578,0.325442,14.6394,15.3094,
5,21,5,4,6,6,6,0,0,0,0,0,0,0,0,0,0,0,0,8.333,0,8.333,8.333,1.00072,0,1.00072,1.00072,2.77875,0.0742473,2.69442,2.86242,12.1125,0.0742473,12.0281,12.1961,
5,23,5,5,6,6,6,0,0,0,0,0,0,0,0,0,0,0,0,8.333,0,8.333,8.333,0,0,0,0,7.01805,0.0742473,6.93371,7.10171,15.351,0.0742473,15.2667,15.4347,
5,24,5,5,6,6,6,0,0,0,0,0,0,0,0,0,0,0,0,8.333,0,8.333,8.333,0,0,0,0,7.05214,0.0751399,6.96714,7.13714,15.3851,0.0751399,15.3001,15.4701,
5,27,6,5,6,6,6,0,0,0,0,0,0,0,0,0,0,0,0,8.333,0,8.333,8.333,1.00072,0,1.00072,1.00072,3.21809,0.197769,2.96642,3.38642,12.5518,0.197769,12.3001,12.7201,
5,13,4,6,6,6,6,0,0,0,0,0,0,0,0,0,0,0,0,8.333,0,8.333,8.333,1.00072,0,1.00072,1.00072,4.03209,0.0742473,3.94842,4.11642,13.3658,0.0742473,13.2821,13.4501,
5,25,6,6,6,6,6,0,0,0,0,0,0,0,0,0,0,0,0,8.333,0,8.333,8.333,0,0,0,0,3.3509,0.215904,3.07543,3.53114,11.6839,0.215904,11.4084,11.8641,
5,30,6,6,6,6,6,0,0,0,0,0,0,0,0,0,0,0,0,8.333,0,8.333,8.333,0,0,0,0,3.19614,0.0751399,3.11114,3.28114,11.5291,0.0751399,11.4441,11.6141,
5.1,2,2,7,6,6,6,0,0,0,0,0,0,0,0,0,0,0,0,4.166,0,4.166,4.166,5.00116,0,5.00116,5.00116,4.63598,0.197094,4.46898,4.88698,13.8031,0.197094,13.6361,14.0541,
5.1,18,4,7,6,6,6,0,0,0,0,0,0,0,0,0,0,0,0,4.166,0,4.166,4.166,5.00116,0,5.00116,5.00116,4.05264,0.0742473,3.96898,4.13698,13.2198,0.0742473,13.1361,13.3041,
5.1,28,6,7,5,5,5,0,0,0,0,0,0,0,0,0,0,0,0,4.166,0,4.166,4.166,5.00116,0,5.00116,5.00116,4.77584,0.168523,4.57584,5.01498,13.943,0.168523,13.743,14.1821,
5.1,29,6,7,6,6,6,0,0,0,0,0,0,0,0,0,0,0,0,4.166,0,4.166,4.166,5.00116,0,5.00116,5.00116,4.38217,0.681471,3.03526,4.90698,13.5493,0.681471,12.2024,14.0741,
5.1,4,3,8,6,6,6,0,0,0,0,0,0,0,0,0,0,0,0,4.166,0,4.166,4.166,5.00116,0,5.00116,5.00116,3.35836,0.213929,3.03526,3.65698,12.5255,0.213929,12.2024,12.8241,
5.1,11,3,8,6,6,6,0,0,0,0,0,0,0,0,0,0,0,0,4.166,0,4.166,4.166,5.00116,0,5.00116,5.00116,3.01693,0.0742473,2.93326,3.10126,12.1841,0.0742473,12.1004,12.2684,
5.1,15,4,8,6,5,5,0,0,0,0,0,0,0,0,0,0,0,0,4.166,0,4.166,4.166,5.02403,0,5.02403,5.02403,3.78611,0.494864,2.96811,4.30211,12.9761,0.494864,12.1581,13.4921,
5.1,20,5,8,6,6,6,0,0,0,0,0,0,0,0,0,0,0,0,4.166,0,4.166,4.166,5.00116,0,5.00116,5.00116,6.34598,0.0751399,6.26098,6.43098,15.5131,0.0751399,15.4281,15.5981,
5.1,3,2,9,6,4,0,0,0,0,0,0,0,0,0,0,0,0,0,4.166,0,4.166,4.166,10.0012,0,10.0012,10.0012,4.80169,0.182522,4.57584,5.01498,18.9689,0.182522,18.743,19.1821,
5.1,14,4,9,6,5,0,0,0,0,0,0,0,0,0,0,0,0,0,4.166,0,4.166,4.166,10.0012,0,10.0012,10.0012,3.97584,0.466678,3.51698,4.76498,18.143,0.466678,17.6841,18.9321,
5.1,5,2,2,6,5,5,0,0,0,0,0,0,0,0,0,0,0,0,8.333,0,8.333,8.333,0,0,0,0,4.13885,0.709737,2.88514,4.63714,12.4719,0.709737,11.2181,12.9701,
5.1,6,2,2,6,6,6,0,0,0,0,0,0,0,0,0,0,0,0,8.333,0,8.333,8.333,0,0,0,0,2.84681,0.0742473,2.76314,2.93114,11.1798,0.0742473,11.0961,11.2641,
5.1,26,6,2,6,6,6,0,0,0,0,0,0,0,0,0,0,0,0,8.333,0,8.333,8.333,1.00072,0,1.00072,1.00072,2.84542,0.0751399,2.76042,2.93042,12.1791,0.0751399,12.0941,12.2641,
5.1,1,2,3,6,6,6,0,0,0,0,0,0,0,0,0,0,0,0,8.333,0,8.333,8.333,1.00072,0,1.00072,1.00072,4.48561,0.0742473,4.40128,4.56928,13.8193,0.0742473,13.735,13.903,
5.1,8,3,3,6,6,6,0,0,0,0,0,0,0,0,0,0,0,0,8.333,0,8.333,8.333,0,0,0,0,2.82614,0.0751399,2.74114,2.91114,11.1591,0.0751399,11.0741,11.2441,
5.1,17,4,3,6,6,6,0,0,0,0,0,0,0,0,0,0,0,0,8.333,0,8.333,8.333,1.00072,0,1.00072,1.00072,2.82542,0.0751399,2.74042,2.91042,12.1591,0.0751399,12.0741,12.2441,
5.1,16,4,4,6,6,6,0,0,0,0,0,0,0,0,0,0,0,0,8.333,0,8.333,8.333,0,0,0,0,4.50157,0.70759,3.09514,5.072,12.8346,0.70759,11.4281,13.405,
5.1,19,5,4,6,6,6,0,0,0,0,0,0,0,0,0,0,0,0,8.333,0,8.333,8.333,1.00072,0,1.00072,1.00072,5.72804,0.325442,5.30971,5.97971,15.0618,0.325442,14.6434,15.3134,
5.1,21,5,4,6,6,6,0,0,0,0,0,0,0,0,0,0,0,0,8.333,0,8.333,8.333,1.00072,0,1.00072,1.00072,2.78275,0.0742473,2.69842,2.86642,12.1165,0.0742473,12.0321,12.2001,
5.1,23,5,5,6,6,6,0,0,0,0,0,0,0,0,0,0,0,0,8.333,0,8.333,8.333,0,0,0,0,7.02205,0.0742473,6.93771,7.10571,15.355,0.0742473,15.2707,15.4387,
5.1,24,5,5,6,6,6,0,0,0,0,0,0,0,0,0,0,0,0,8.333,0,8.333,8.333,0,0,0,0,7.05614,0.0751399,6.97114,7.14114,15.3891,0.0751399,15.3041,15.4741,
5.1,27,6,5,6,6,6,0,0,0,0,0,0,0,0,0,0,0,0,8.333,0,8.333,8.333,1.00072,0,1.00072,1.00072,3.28756,0.159022,2.97242,3.39042,12.6213,0.159022,12.3061,12.7241,
5.1,13,4,6,6,6,6,0,0,0,0,0,0,0,0,0,0,0,0,8.333,0,8.333,8.333,1.00072,0,1.00072,1.00072,4.03609,0.0742473,3.95242,4.12042,13.3698,0.0742473,13.2861,13.4541,
5.1,25,6,6,6,6,6,0,0,0,0,0,0,0,0,0,0,0,0,8.333,0,8.333,8.333,0,0,0,0,3.56919,0.424796,3.08143,4.36514,11.9022,0.424796,11.4144,12.6981,
5.1,30,6,6,6,6,6,0,0,0,0,0,0,0,0,0,0,0,0,8.333,0,8.333,8.333,0,0,0,0,3.28347,0.174105,3.11714,3.61514,11.6165,0.174105,11.4501,11.9481,
5.2,2,2,7,6,6,6,0,0,0,0,0,0,0,0,0,0,0,0,4.166,0,4.166,4.166,5.00116,0,5.00116,5.00116,4.70545,0.196571,4.47298,4.89098,13.8726,0.196571,13.6401,14.0581,
5.2,18,4,7,6,6,6,0,0,0,0,0,0,0,0,0,0,0,0,4.166,0,4.166,4.166,5.00116,0,5.00116,5.00116,4.05664,0.0742473,3.97298,4.14098,13.2238,0.0742473,13.1401,13.3081,
5.2,28,6,7,6,6,6,0,0,0,0,0,0,0,0,0,0,0,0,4.166,0,4.166,4.166,5.00116,0,5.00116,5.00116,4.68665,0.108658,4.57784,4.81926,13.8538,0.108658,13.745,13.9864,
5.2,29,6,7,6,6,6,0,0,0,0,0,0,0,0,0,0,0,0,4.166,0,4.166,4.166,5.00116,0,5.00116,5.00116,4.70164,0.202392,4.49298,4.91098,13.8688,0.202392,13.6601,14.0781,
5.2,4,3,8,6,6,6,0,0,0,0,0,0,0,0,0,0,0,0,4.166,0,4.166,4.166,5.00116,0,5.00116,5.00116,3.86831,0.273428,3.32498,4.07698,13.0355,0.273428,12.4921,13.2441,
5.2,11,3,8,6,6,6,0,0,0,0,0,0,0,0,0,0,0,0,4.166,0,4.166,4.166,5.00116,0,5.00116,5.00116,3.02093,0.0742473,2.93726,3.10526,12.1881,0.0742473,12.1044,12.2724,
5.2,15,4,8,6,6,6,0,0,0,0,0,0,0,0,0,0,0,0,4.166,0,4.166,4.166,5.02403,0,5.02403,5.02403,3.88977,0.0742473,3.80611,3.97411,13.0798,0.0742473,12.9961,13.1641,
5.2,20,5,8,6,6,6,0,0,0,0,0,0,0,0,0,0,0,0,4.166,0,4.166,4.166,5.00116,0,5.00116,5.00116,6.34998,0.0751399,6.26498,6.43498,15.5171,0.0751399,15.4321,15.6021,
5.2,3,2,9,6,6,0,0,0,0,0,0,0,0,0,0,0,0,0,4.166,0,4.166,4.166,10.0012,0,10.0012,10.0012,4.76931,0.0742473,4.68498,4.85298,18.9365,0.0742473,18.8521,19.0201,
5.2,14,4,9,6,6,0,0,0,0,0,0,0,0,0,0,0,0,0,4.166,0,4.166,4.166,10.0012,0,10.0012,10.0012,3.76998,0.0751399,3.68498,3.85498,17.9371,0.0751399,17.8521,18.0221,
5.2,5,2,2,6,6,6,0,0,0,0,0,0,0,0,0,0,0,0,8.333,0,8.333,8.333,0,0,0,0,4.44966,0.0742473,4.366,4.534,12.7827,0.0742473,12.699,12.867,
5.2,6,2,2,6,6,6,0,0,0,0,0,0,0,0,0,0,0,0,8.333,0,8.333,8.333,0,0,0,0,2.76747,0.0742473,2.68314,2.85114,11.1005,0.0742473,11.0161,11.1841,
5.2,26,6,2,6,6,6,0,0,0,0,0,0,0,0,0,0,0,0,8.333,0,8.333,8.333,1.00072,0,1.00072,1.00072,2.76609,0.0742473,2.68242,2.85042,12.0998,0.0742473,12.0161,12.1841,
5.2,1,2,3,6,6,6,0,0,0,0,0,0,0,0,0,0,0,0,8.333,0,8.333,8.333,1.00072,0,1.00072,1.00072,4.5908,0.259527,4.40528,5.09842,13.9245,0.259527,13.739,14.4321,
5.2,8,3,3,6,6,6,0,0,0,0,0,0,0,0,0,0,0,0,8.333,0,8.333,8.333,0,0,0,0,2.87181,0.088106,2.74514,2.99714,11.2048,0.088106,11.0781,11.3301,
5.2,17,4,3,6,6,6,0,0,0,0,0,0,0,0,0,0,0,0,8.333,0,8.333,8.333,1.00072,0,1.00072,1.00072,2.82942,0.0751399,2.74442,2.91442,12.1631,0.0751399,12.0781,12.2481,
5.2,16,4,4,6,6,6,0,0,0,0,0,0,0,0,0,0,0,0,8.333,0,8.333,8.333,0,0,0,0,4.66033,0.0742473,4.576,4.744,12.9933,0.0742473,12.909,13.077,
5.2,19,5,4,6,6,6,0,0,0,0,0,0,0,0,0,0,0,0,8.333,0,8.333,8.333,1.00072,0,1.00072,1.00072,5.75883,0.355341,5.31371,6.14242,15.0925,0.355341,14.6474,15.4761,
5.2,21,5,4,6,6,6,0,0,0,0,0,0,0,0,0,0,0,0,8.333,0,8.333,8.333,1.00072,0,1.00072,1.00072,2.78675,0.0742473,2.70242,2.87042,12.1205,0.0742473,12.0361,12.2041,
5.2,23,5,5,6,6,6,0,0,0,0,0,0,0,0,0,0,0,0,8.333,0,8.333,8.333,0,0,0,0,7.03795,0.0800663,6.94171,7.10971,15.371,0.0800663,15.2747,15.4427,
5.2,24,5,5,6,6,6,0,0,0,0,0,0,0,0,0,0,0,0,8.333,0,8.333,8.333,0,0,0,0,7.14347,0.197769,6.97514,7.39514,15.4765,0.197769,15.3081,15.7281,
5.2,27,6,5,6,6,6,0,0,0,0,0,0,0,0,0,0,0,0,8.333,0,8.333,8.333,1.00072,0,1.00072,1.00072,3.22609,0.197769,2.97442,3.39442,12.5598,0.197769,12.3081,12.7281,
5.2,13,4,6,6,6,6,0,0,0,0,0,0,0,0,0,0,0,0,8.333,0,8.333,8.333,1.00072,0,1.00072,1.00072,4.04009,0.0742473,3.95642,4.12442,13.3738,0.0742473,13.2901,13.4581,
5.2,25,6,6,6,6,6,0,0,0,0,0,0,0,0,0,0,0,0,8.333,0,8.333,8.333,0,0,0,0,3.3589,0.215904,3.08343,3.53914,11.6919,0.215904,11.4164,11.8721,
5.2,30,6,6,6,6,6,0,0,0,0,0,0,0,0,0,0,0,0,8.333,0,8.333,8.333,0,0,0,0,3.20414,0.0751399,3.11914,3.28914,11.5371,0.0751399,11.4521,11.6221,
5.3,2,2,7,6,6,6,0,0,0,0,0,0,0,0,0,0,0,0,4.166,0,4.166,4.166,5.00116,0,5.00116,5.00116,5.14398,0.311201,4.72698,5.64298,14.3111,0.311201,13.8941,14.8101,
5.3,18,4,7,6,6,6,0,0,0,0,0,0,0,0,0,0,0,0,4.166,0,4.166,4.166,5.00116,0,5.00116,5.00116,4.06064,0.0742473,3.97698,4.14498,13.2278,0.0742473,13.1441,13.3121,
5.3,28,6,7,6,6,6,0,0,0,0,0,0,0,0,0,0,0,0,4.166,0,4.166,4.166,5.00116,0,5.00116,5.00116,4.69065,0.108658,4.58184,4.82326,13.8578,0.108658,13.749,13.9904,
5.3,29,6,7,6,6,6,0,0,0,0,0,0,0,0,0,0,0,0,4.166,0,4.166,4.166,5.00116,0,5.00116,5.00116,4.74731,0.196755,4.49698,4.91498,13.9145,0.196755,13.6641,14.0821,
5.3,4,3,8,6,6,6,0,0,0,0,0,0,0,0,0,0,0,0,4.166,0,4.166,4.166,5.00116,0,5.00116,5.00116,3.58064,0.297847,3.16298,4.07898,12.7478,0.297847,12.3301,13.2461,
5.3,11,3,8,6,6,6,0,0,0,0,0,0,0,0,0,0,0,0,4.166,0,4.166,4.166,5.00116,0,5.00116,5.00116,3.02493,0.0742473,2.94126,3.10926,12.1921,0.0742473,12.1084,12.2764,
5.3,15,4,8,6,6,6,0,0,0,0,0,0,0,0,0,0,0,0,4.166,0,4.166,4.166,5.02403,0,5.02403,5.02403,3.88485,0.0646827,3.81011,3.97611,13.0749,0.0646827,13.0001,13.1661,
5.3,20,5,8,6,6,6,0,0,0,0,0,0,0,0,0,0,0,0,4.166,0,4.166,4.166,5.00116,0,5.00116,5.00116,6.35398,0.0751399,6.26898,6.43898,15.5211,0.0751399,15.4361,15.6061,
5.3,3,2,9,6,6,0,0,0,0,0,0,0,0,0,0,0,0,0,4.166,0,4.166,4.166,10.0012,0,10.0012,10.0012,4.68998,0.197094,4.43898,4.85698,18.8571,0.197094,18.6061,19.0241,
5.3,14,4,9,6,6,0,0,0,0,0,0,0,0,0,0,0,0,0,4.166,0,4.166,4.166,10.0012,0,10.0012,10.0012,3.73231,0.156085,3.44098,3.85898,17.8995,0.156085,17.6081,18.0261,
5.3,5,2,2,6,6,6,0,0,0,0,0,0,0,0,0,0,0,0,8.333,0,8.333,8.333,0,0,0,0,4.45366,0.0742473,4.37,4.538,12.7867,0.0742473,12.703,12.871,
5.3,6,2,2,6,6,6,0,0,0,0,0,0,0,0,0,0,0,0,8.333,0,8.333,8.333,0,0,0,0,2.77147,0.0742473,2.68714,2.85514,11.1045,0.0742473,11.0201,11.1881,
5.3,26,6,2,6,6,6,0,0,0,0,0,0,0,0,0,0,0,0,8.333,0,8.333,8.333,1.00072,0,1.00072,1.00072,2.77009,0.0742473,2.68642,2.85442,12.1038,0.0742473,12.0201,12.1881,
5.3,1,2,3,6,6,6,0,0,0,0,0,0,0,0,0,0,0,0,8.333,0,8.333,8.333,1.00072,0,1.00072,1.00072,5.10075,0.225593,4.82728,5.40928,14.4345,0.225593,14.161,14.743,
5.3,8,3,3,6,6,6,0,0,0,0,0,0,0,0,0,0,0,0,8.333,0,8.333,8.333,0,0,0,0,2.87581,0.0869636,2.75114,2.99914,11.2088,0.0869636,11.0841,11.3321,
5.3,17,4,3,6,6,6,0,0,0,0,0,0,0,0,0,0,0,0,8.333,0,8.333,8.333,1.00072,0,1.00072,1.00072,2.83342,0.0751399,2.74842,2.91842,12.1671,0.0751399,12.0821,12.2521,
5.3,16,4,4,6,6,6,0,0,0,0,0,0,0,0,0,0,0,0,8.333,0,8.333,8.333,0,0,0,0,4.61671,0.0388231,4.58,4.666,12.9497,0.0388231,12.913,12.999,
5.3,19,5,4,6,6,6,0,0,0,0,0,0,0,0,0,0,0,0,8.333,0,8.333,8.333,1.00072,0,1.00072,1.00072,5.90271,0.0751399,5.81771,5.98771,15.2364,0.0751399,15.1514,15.3214,
5.3,21,5,4,6,6,6,0,0,0,0,0,0,0,0,0,0,0,0,8.333,0,8.333,8.333,1.00072,0,1.00072,1.00072,2.79075,0.0742473,2.70642,2.87442,12.1245,0.0742473,12.0401,12.2081,
5.3,23,5,5,6,6,6,0,0,0,0,0,0,0,0,0,0,0,0,8.333,0,8.333,8.333,0,0,0,0,6.97052,0.108658,6.86171,7.10314,15.3035,0.108658,15.1947,15.4361,
5.3,24,5,5,6,6,6,0,0,0,0,0,0,0,0,0,0,0,0,8.333,0,8.333,8.333,0,0,0,0,7.14747,0.197769,6.97914,7.39914,15.4805,0.197769,15.3121,15.7321,
5.3,27,6,5,6,6,6,0,0,0,0,0,0,0,0,0,0,0,0,8.333,0,8.333,8.333,1.00072,0,1.00072,1.00072,3.23009,0.197769,2.97842,3.39842,12.5638,0.197769,12.3121,12.7321,
5.3,13,4,6,6,6,6,0,0,0,0,0,0,0,0,0,0,0,0,8.333,0,8.333,8.333,1.00072,0,1.00072,1.00072,4.04409,0.0742473,3.96042,4.12842,13.3778,0.0742473,13.2941,13.4621,
5.3,25,6,6,6,6,6,0,0,0,0,0,0,0,0,0,0,0,0,8.333,0,8.333,8.333,0,0,0,0,3.3629,0.215904,3.08743,3.54314,11.6959,0.215904,11.4204,11.8761,
5.3,30,6,6,6,6,6,0,0,0,0,0,0,0,0,0,0,0,0,8.333,0,8.333,8.333,0,0,0,0,3.20814,0.0751399,3.12314,3.29314,11.5411,0.0751399,11.4561,11.6261,
5.4,2,2,7,6,6,6,0,0,0,0,0,0,0,0,0,0,0,0,4.166,0,4.166,4.166,5.00116,0,5.00116,5.00116,4.73131,0.196755,4.48098,4.89898,13.8985,0.196755,13.6481,14.0661,
5.4,18,4,7,6,6,6,0,0,0,0,0,0,0,0,0,0,0,0,4.166,0,4.166,4.166,5.00116,0,5.00116,5.00116,4.06464,0.0742473,3.98098,4.14898,13.2318,0.0742473,13.1481,13.3161,
5.4,28,6,7,6,6,6,0,0,0,0,0,0,0,0,0,0,0,0,4.166,0,4.166,4.166,5.00116,0,5.00116,5.00116,4.69465,0.108658,4.58584,4.82726,13.8618,0.108658,13.753,13.9944,
5.4,29,6,7,6,6,6,0,0,0,0,0,0,0,0,0,0,0,0,4.166,0,4.166,4.166,5.00116,0,5.00116,5.00116,4.75131,0.196755,4.50098,4.91898,13.9185,0.196755,13.6681,14.0861,
5.4,4,3,8,6,6,5,0,0,0,0,0,0,0,0,0,0,0,0,4.166,0,4.166,4.166,5.00116,0,5.00116,5.00116,6.9656,4.59327,4.08298,16.2278,16.1328,4.59327,13.2501,25.395,
5.4,11,3,8,6,6,6,0,0,0,0,0,0,0,0,0,0,0,0,4.166,0,4.166,4.166,5.00116,0,5.00116,5.00116,3.02893,0.0742473,2.94526,3.11326,12.1961,0.0742473,12.1124,12.2804,
5.4,15,4,8,6,6,6,0,0,0,0,0,0,0,0,0,0,0,0,4.166,0,4.166,4.166,5.02403,0,5.02403,5.02403,3.81444,0.0742473,3.73011,3.89811,13.0045,0.0742473,12.9201,13.0881,
5.4,20,5,8,6,6,6,0,0,0,0,0,0,0,0,0,0,0,0,4.166,0,4.166,4.166,5.00116,0,5.00116,5.00116,6.35798,0.0751399,6.27298,6.44298,15.5251,0.0751399,15.4401,15.6101,
5.4,3,2,9,6,6,0,0,0,0,0,0,0,0,0,0,0,0,0,4.166,0,4.166,4.166,10.0012,0,10.0012,10.0012,4.69398,0.197094,4.44298,4.86098,18.8611,0.197094,18.6101,19.0281,
5.4,14,4,9,6,6,0,0,0,0,0,0,0,0,0,0,0,0,0,4.166,0,4.166,4.166,10.0012,0,10.0012,10.0012,3.69464,0.197769,3.44298,3.86298,17.8618,0.197769,17.6101,18.0301,
5.4,5,2,2,6,6,6,0,0,0,0,0,0,0,0,0,0,0,0,8.333,0,8.333,8.333,0,0,0,0,4.45766,0.0742473,4.374,4.542,12.7907,0.0742473,12.707,12.875,
5.4,6,2,2,6,6,6,0,0,0,0,0,0,0,0,0,0,0,0,8.333,0,8.333,8.333,0,0,0,0,2.77547,0.0742473,2.69114,2.85914,11.1085,0.0742473,11.0241,11.1921,
5.4,26,6,2,6,6,6,0,0,0,0,0,0,0,0,0,0,0,0,8.333,0,8.333,8.333,1.00072,0,1.00072,1.00072,2.77409,0.0742473,2.69042,2.85842,12.1078,0.0742473,12.0241,12.1921,
5.4,1,2,3,6,6,6,0,0,0,0,0,0,0,0,0,0,0,0,8.333,0,8.333,8.333,1.00072,0,1.00072,1.00072,4.41428,0.0751399,4.32928,4.49928,13.748,0.0751399,13.663,13.833,
5.4,8,3,3,6,6,6,0,0,0,0,0,0,0,0,0,0,0,0,8.333,0,8.333,8.333,0,0,0,0,3.70719,0.753692,2.75314,4.50514,12.0402,0.753692,11.0861,12.8381,
5.4,17,4,3,6,6,6,0,0,0,0,0,0,0,0,0,0,0,0,8.333,0,8.333,8.333,1.00072,0,1.00072,1.00072,2.83742,0.0751399,2.75242,2.92242,12.1711,0.0751399,12.0861,12.2561,
5.4,16,4,4,6,6,6,0,0,0,0,0,0,0,0,0,0,0,0,8.333,0,8.333,8.333,0,0,0,0,4.62071,0.0388231,4.584,4.67,12.9537,0.0388231,12.917,13.003,
5.4,19,5,4,6,6,6,0,0,0,0,0,0,0,0,0,0,0,0,8.333,0,8.333,8.333,1.00072,0,1.00072,1.00072,5.90671,0.0751399,5.82171,5.99171,15.2404,0.0751399,15.1554,15.3254,
5.4,21,5,4,6,6,6,0,0,0,0,0,0,0,0,0,0,0,0,8.333,0,8.333,8.333,1.00072,0,1.00072,1.00072,2.79475,0.0742473,2.71042,2.87842,12.1285,0.0742473,12.0441,12.2121,
5.4,23,5,5,6,6,6,0,0,0,0,0,0,0,0,0,0,0,0,8.333,0,8.333,8.333,0,0,0,0,6.97452,0.108658,6.86571,7.10714,15.3075,0.108658,15.1987,15.4401,
5.4,24,5,5,6,6,6,0,0,0,0,0,0,0,0,0,0,0,0,8.333,0,8.333,8.333,0,0,0,0,7.15147,0.197769,6.98314,7.40314,15.4845,0.197769,15.3161,15.7361,
5.4,27,6,5,6,6,6,0,0,0,0,0,0,0,0,0,0,0,0,8.333,0,8.333,8.333,1.00072,0,1.00072,1.00072,3.23409,0.197769,2.98242,3.40242,12.5678,0.197769,12.3161,12.7361,
5.4,13,4,6,6,6,6,0,0,0,0,0,0,0,0,0,0,0,0,8.333,0,8.333,8.333,1.00072,0,1.00072,1.00072,4.04809,0.0742473,3.96442,4.13242,13.3818,0.0742473,13.2981,13.4661,
5.4,25,6,6,6,6,6,0,0,0,0,0,0,0,0,0,0,0,0,8.333,0,8.333,8.333,0,0,0,0,3.3669,0.215904,3.09143,3.54714,11.6999,0.215904,11.4244,11.8801,
5.4,30,6,6,6,6,6,0,0,0,0,0,0,0,0,0,0,0,0,8.333,0,8.333,8.333,0,0,0,0,3.21214,0.0751399,3.12714,3.29714,11.5451,0.0751399,11.4601,11.6301,
5.5,2,2,7,6,6,6,0,0,0,0,0,0,0,0,0,0,0,0,4.166,0,4.166,4.166,5.00116,0,5.00116,5.00116,4.73531,0.196755,4.48498,4.90298,13.9025,0.196755,13.6521,14.0701,
5.5,18,4,7,6,6,6,0,0,0,0,0,0,0,0,0,0,0,0,4.166,0,4.166,4.166,5.00116,0,5.00116,5.00116,4.06864,0.0742473,3.98498,4.15298,13.2358,0.0742473,13.1521,13.3201,
5.5,28,6,7,6,6,6,0,0,0,0,0,0,0,0,0,0,0,0,4.166,0,4.166,4.166,5.00116,0,5.00116,5.00116,4.69865,0.108658,4.58984,4.83126,13.8658,0.108658,13.757,13.9984,
5.5,29,6,7,6,6,6,0,0,0,0,0,0,0,0,0,0,0,0,4.166,0,4.166,4.166,5.00116,0,5.00116,5.00116,4.75531,0.196755,4.50498,4.92298,13.9225,0.196755,13.6721,14.0901,
5.5,4,3,8,6,6,6,0,0,0,0,0,0,0,0,0,0,0,0,4.166,0,4.166,4.166,5.00116,0,5.00116,5.00116,3.62436,0.963443,3.00498,5.55126,12.7915,0.963443,12.1721,14.7184,
5.5,11,3,8,6,6,6,0,0,0,0,0,0,0,0,0,0,0,0,4.166,0,4.166,4.166,5.00116,0,5.00116,5.00116,3.03293,0.0742473,2.94926,3.11726,12.2001,0.0742473,12.1164,12.2844,
5.5,15,4,8,6,6,6,0,0,0,0,0,0,0,0,0,0,0,0,4.166,0,4.166,4.166,5.02403,0,5.02403,5.02403,3.81844,0.0742473,3.73411,3.90211,13.0085,0.0742473,12.9241,13.0921,
5.5,20,5,8,6,6,6,0,0,0,0,0,0,0,0,0,0,0,0,4.166,0,4.166,4.166,5.00116,0,5.00116,5.00116,6.36198,0.0751399,6.27698,6.44698,15.5291,0.0751399,15.4441,15.6141,
5.5,3,2,9,6,6,0,0,0,0,0,0,0,0,0,0,0,0,0,4.166,0,4.166,4.166,10.0012,0,10.0012,10.0012,4.69798,0.197094,4.44698,4.86498,18.8651,0.197094,18.6141,19.0321,
5.5,14,4,9,6,6,0,0,0,0,0,0,0,0,0,0,0,0,0,4.166,0,4.166,4.166,10.0012,0,10.0012,10.0012,3.69864,0.197769,3.44698,3.86698,17.8658,0.197769,17.6141,18.0341,
5.5,5,2,2,6,6,6,0,0,0,0,0,0,0,0,0,0,0,0,8.333,0,8.333,8.333,0,0,0,0,4.46166,0.0742473,4.378,4.546,12.7947,0.0742473,12.711,12.879,
5.5,6,2,2,6,6,6,0,0,0,0,0,0,0,0,0,0,0,0,8.333,0,8.333,8.333,0,0,0,0,2.77947,0.0742473,2.69514,2.86314,11.1125,0.0742473,11.0281,11.1961,
5.5,26,6,2,6,6,6,0,0,0,0,0,0,0,0,0,0,0,0,8.333,0,8.333,8.333,1.00072,0,1.00072,1.00072,2.77809,0.0742473,2.69442,2.86242,12.1118,0.0742473,12.0281,12.1961,
5.5,1,2,3,6,6,6,0,0,0,0,0,0,0,0,0,0,0,0,8.333,0,8.333,8.333,1.00072,0,1.00072,1.00072,4.41828,0.0751399,4.33328,4.50328,13.752,0.0751399,13.667,13.837,
5.5,17,4,3,6,6,6,0,0,0,0,0,0,0,0,0,0,0,0,8.333,0,8.333,8.333,1.00072,0,1.00072,1.00072,2.84142,0.0751399,2.75642,2.92642,12.1751,0.0751399,12.0901,12.2601,
5.5,16,4,4,6,6,6,0,0,0,0,0,0,0,0,0,0,0,0,8.333,0,8.333,8.333,0,0,0,0,4.62471,0.0388231,4.588,4.674,12.9577,0.0388231,12.921,13.007,
5.5,19,5,4,6,6,6,0,0,0,0,0,0,0,0,0,0,0,0,8.333,0,8.333,8.333,1.00072,0,1.00072,1.00072,5.91071,0.0751399,5.82571,5.99571,15.2444,0.0751399,15.1594,15.3294,
5.5,21,5,4,6,6,6,0,0,0,0,0,0,0,0,0,0,0,0,8.333,0,8.333,8.333,1.00072,0,1.00072,1.00072,2.79875,0.0742473,2.71442,2.88242,12.1325,0.0742473,12.0481,12.2161,
5.5,23,5,5,6,6,6,0,0,0,0,0,0,0,0,0,0,0,0,8.333,0,8.333,8.333,0,0,0,0,6.97852,0.108658,6.86971,7.11114,15.3115,0.108658,15.2027,15.4441,
5.5,24,5,5,6,6,6,0,0,0,0,0,0,0,0,0,0,0,0,8.333,0,8.333,8.333,0,0,0,0,7.15547,0.197769,6.98714,7.40714,15.4885,0.197769,15.3201,15.7401,
5.5,27,6,5,6,6,6,0,0,0,0,0,0,0,0,0,0,0,0,8.333,0,8.333,8.333,1.00072,0,1.00072,1.00072,3.23809,0.197769,2.98642,3.40642,12.5718,0.197769,12.3201,12.7401,
5.5,13,4,6,6,6,6,0,0,0,0,0,0,0,0,0,0,0,0,8.333,0,8.333,8.333,1.00072,0,1.00072,1.00072,4.05209,0.0742473,3.96842,4.13642,13.3858,0.0742473,13.3021,13.4701,
5.5,25,6,6,6,6,6,0,0,0,0,0,0,0,0,0,0,0,0,8.333,0,8.333,8.333,0,0,0,0,3.3709,0.215904,3.09543,3.55114,11.7039,0.215904,11.4284,11.8841,
5.5,30,6,6,6,6,6,0,0,0,0,0,0,0,0,0,0,0,0,8.333,0,8.333,8.333,0,0,0,0,3.21614,0.0751399,3.13114,3.30114,11.5491,0.0751399,11.4641,11.6341,
