Time,ueId,assoCell,compCell,reqCount,taskCount,succCount,upWlMea,upWlStd,upWlMin,upWlMax,upWdMea,upWdStd,upWdMin,upWdMax,queMea,queStd,queMin,queMax,compMea, compStd, compMin, compMax,dnWdMea, dnWdStd, dnWdMin, dnWdMax,dnWlMea,dnWlStd, dnWlMin, dnWlMax,e2eMea,e2eStd,e2eMin,e2eMax
1.1,10,2,2,6,5,5,0,0,0,0,0,0,0,0,0,0,0,0,4.166,0,4.166,4.166,0,0,0,0,2.76814,0.083006,2.68414,2.85214,6.93414,0.083006,6.85014,7.01814,
1.1,6,4,3,6,5,5,0,0,0,0,0,0,0,0,0,0,0,0,4.166,0,4.166,4.166,1.00072,0,1.00072,1.00072,2.88342,0.224477,2.68342,3.26542,8.05014,0.224477,7.85014,8.43214,
1.1,5,4,4,6,5,5,0,0,0,0,0,0,0,0,0,0,0,0,4.166,0,4.166,4.166,0,0,0,0,2.88414,0.224477,2.68414,3.26614,7.05014,0.224477,6.85014,7.43214,
1.1,1,3,5,6,5,5,0,0,0,0,0,0,0,0,0,0,0,0,4.166,0,4.166,4.166,1.00072,0,1.00072,1.00072,4.52628,0.224477,4.32628,4.90828,9.693,0.224477,9.493,10.075,
1.1,3,3,6,6,5,5,0,0,0,0,0,0,0,0,0,0,0,0,4.166,0,4.166,4.166,1.00072,0,1.00072,1.00072,4.63342,0.224477,4.43342,5.01542,9.80014,0.224477,9.60014,10.1821,
1.2,10,2,2,6,6,6,0,0,0,0,0,0,0,0,0,0,0,0,4.166,0,4.166,4.166,0,0,0,0,2.77181,0.0742473,2.68814,2.85614,6.93781,0.0742473,6.85414,7.02214,
1.2,6,4,3,6,6,6,0,0,0,0,0,0,0,0,0,0,0,0,4.166,0,4.166,4.166,1.00072,0,1.00072,1.00072,2.77042,0.0751399,2.68542,2.85542,7.93714,0.0751399,7.85214,8.02214,
1.2,5,4,4,6,6,6,0,0,0,0,0,0,0,0,0,0,0,0,4.166,0,4.166,4.166,0,0,0,0,2.77114,0.0751399,2.68614,2.85614,6.93714,0.0751399,6.85214,7.02214,
1.2,1,3,5,6,6,6,0,0,0,0,0,0,0,0,0,0,0,0,4.166,0,4.166,4.166,1.00072,0,1.00072,1.00072,4.41328,0.0751399,4.32828,4.49828,9.58,0.0751399,9.495,9.665,
1.2,3,3,6,6,6,6,0,0,0,0,0,0,0,0,0,0,0,0,4.166,0,4.166,4.166,1.00072,0,1.00072,1.00072,4.52042,0.0751399,4.43542,4.60542,9.68714,0.0751399,9.60214,9.77214,
1.3,10,2,2,6,6,6,0,0,0,0,0,0,0,0,0,0,0,0,4.166,0,4.166,4.166,0,0,0,0,2.77581,0.0742473,2.69214,2.86014,6.94181,0.0742473,6.85814,7.02614,
1.3,6,4,3,6,6,6,0,0,0,0,0,0,0,0,0,0,0,0,4.166,0,4.166,4.166,1.00072,0,1.00072,1.00072,2.77442,0.0751399,2.68942,2.85942,7.94114,0.0751399,7.85614,8.02614,
1.3,5,4,4,6,6,6,0,0,0,0,0,0,0,0,0,0,0,0,4.166,0,4.166,4.166,0,0,0,0,2.77514,0.0751399,2.69014,2.86014,6.94114,0.0751399,6.85614,7.02614,
1.3,1,3,5,6,6,6,0,0,0,0,0,0,0,0,0,0,0,0,4.166,0,4.166,4.166,1.00072,0,1.00072,1.00072,4.41728,0.0751399,4.33228,4.50228,9.584,0.0751399,9.499,9.669,
1.3,3,3,6,6,6,6,0,0,0,0,0,0,0,0,0,0,0,0,4.166,0,4.166,4.166,1.00072,0,1.00072,1.00072,4.52442,0.0751399,4.43942,4.60942,9.69114,0.0751399,9.60614,9.77614,
1.4,10,2,2,6,6,6,0,0,0,0,0,0,0,0,0,0,0,0,4.166,0,4.166,4.166,0,0,0,0,2.77981,0.0742473,2.69614,2.86414,6.94581,0.0742473,6.86214,7.03014,
1.4,6,4,3,6,6,6,0,0,0,0,0,0,0,0,0,0,0,0,4.166,0,4.166,4.166,1.00072,0,1.00072,1.00072,2.77842,0.0751399,2.69342,2.86342,7.94514,0.0751399,7.86014,8.03014,
1.4,5,4,4,6,6,6,0,0,0,0,0,0,0,0,0,0,0,0,4.166,0,4.166,4.166,0,0,0,0,2.77914,0.0751399,2.69414,2.86414,6.94514,0.0751399,6.86014,7.03014,
1.4,1,3,5,6,6,6,0,0,0,0,0,0,0,0,0,0,0,0,4.166,0,4.166,4.166,1.00072,0,1.00072,1.00072,4.42128,0.0751399,4.33628,4.50628,9.588,0.0751399,9.503,9.673,
1.4,3,3,6,6,6,6,0,0,0,0,0,0,0,0,0,0,0,0,4.166,0,4.166,4.166,1.00072,0,1.00072,1.00072,4.52842,0.0751399,4.44342,4.61342,9.69514,0.0751399,9.61014,9.78014,
1.5,10,2,2,6,6,6,0,0,0,0,0,0,0,0,0,0,0,0,4.166,0,4.166,4.166,0,0,0,0,2.78381,0.0742473,2.70014,2.86814,6.94981,0.0742473,6.86614,7.03414,
1.5,6,4,3,6,6,6,0,0,0,0,0,0,0,0,0,0,0,0,4.166,0,4.166,4.166,1.00072,0,1.00072,1.00072,2.78242,0.0751399,2.69742,2.86742,7.94914,0.0751399,7.86414,8.03414,
1.5,5,4,4,6,6,6,0,0,0,0,0,0,0,0,0,0,0,0,4.166,0,4.166,4.166,0,0,0,0,2.78314,0.0751399,2.69814,2.86814,6.94914,0.0751399,6.86414,7.03414,
1.5,3,3,6,6,6,6,0,0,0,0,0,0,0,0,0,0,0,0,4.166,0,4.166,4.166,1.00072,0,1.00072,1.00072,3.07409,0.675694,2.69942,4.44742,8.24081,0.675694,7.86614,9.61414,
1.6,2,2,7,6,5,5,0,0,0,0,0,0,0,0,0,0,0,0,4.166,0,4.166,4.166,5.00116,0,5.00116,5.00116,3.10441,0.216965,2.93298,3.47926,12.2716,0.216965,12.1001,12.6464,
1.6,9,6,7,6,5,5,0,0,0,0,0,0,0,0,0,0,0,0,4.166,0,4.166,4.166,5.08403,0,5.08403,5.08403,3.12154,0.297133,2.93411,3.64639,12.3716,0.297133,12.1841,12.8964,
1.6,4,3,8,5,5,5,0,0,0,0,0,0,0,0,0,0,0,0,4.166,0,4.166,4.166,5.00116,0,5.00116,5.00116,3.10441,0.216965,2.93298,3.47926,12.2716,0.216965,12.1001,12.6464,
1.6,7,5,8,6,5,5,0,0,0,0,0,0,0,0,0,0,0,0,4.166,0,4.166,4.166,5.00116,0,5.00116,5.00116,3.10441,0.216965,2.93298,3.47926,12.2716,0.216965,12.1001,12.6464,
1.6,10,2,2,6,6,6,0,0,0,0,0,0,0,0,0,0,0,0,4.166,0,4.166,4.166,0,0,0,0,2.78781,0.0742473,2.70414,2.87214,6.95381,0.0742473,6.87014,7.03814,
1.6,6,4,3,6,6,6,0,0,0,0,0,0,0,0,0,0,0,0,4.166,0,4.166,4.166,1.00072,0,1.00072,1.00072,2.78642,0.0751399,2.70142,2.87142,7.95314,0.0751399,7.86814,8.03814,
1.6,5,4,4,6,6,6,0,0,0,0,0,0,0,0,0,0,0,0,4.166,0,4.166,4.166,0,0,0,0,2.78714,0.0751399,2.70214,2.87214,6.95314,0.0751399,6.86814,7.03814,
1.6,8,5,5,5,5,5,0,0,0,0,0,0,0,0,0,0,0,0,4.166,0,4.166,4.166,0,0,0,0,2.88414,0.224477,2.68414,3.26614,7.05014,0.224477,6.85014,7.43214,
1.6,3,3,6,6,6,6,0,0,0,0,0,0,0,0,0,0,0,0,4.166,0,4.166,4.166,1.00072,0,1.00072,1.00072,2.78642,0.0751399,2.70142,2.87142,7.95314,0.0751399,7.86814,8.03814,
1.7,2,2,7,6,6,6,0,0,0,0,0,0,0,0,0,0,0,0,4.166,0,4.166,4.166,5.00116,0,5.00116,5.00116,2.99617,0.0598845,2.93498,3.06926,12.1633,0.0598845,12.1021,12.2364,
1.7,9,6,7,6,6,6,0,0,0,0,0,0,0,0,0,0,0,0,4.166,0,4.166,4.166,5.08403,0,5.08403,5.08403,2.99663,0.0589225,2.93611,3.06839,12.2467,0.0589225,12.1861,12.3184,
1.7,4,3,8,6,6,6,0,0,0,0,0,0,0,0,0,0,0,0,4.166,0,4.166,4.166,5.00116,0,5.00116,5.00116,2.99617,0.0598845,2.93498,3.06926,12.1633,0.0598845,12.1021,12.2364,
1.7,7,5,8,6,6,6,0,0,0,0,0,0,0,0,0,0,0,0,4.166,0,4.166,4.166,5.00116,0,5.00116,5.00116,2.99617,0.0598845,2.93498,3.06926,12.1633,0.0598845,12.1021,12.2364,
1.7,10,2,2,6,6,6,0,0,0,0,0,0,0,0,0,0,0,0,4.166,0,4.166,4.166,0,0,0,0,2.79181,0.0742473,2.70814,2.87614,6.95781,0.0742473,6.87414,7.04214,
1.7,6,4,3,6,6,6,0,0,0,0,0,0,0,0,0,0,0,0,4.166,0,4.166,4.166,1.00072,0,1.00072,1.00072,2.79042,0.0751399,2.70542,2.87542,7.95714,0.0751399,7.87214,8.04214,
1.7,5,4,4,6,6,6,0,0,0,0,0,0,0,0,0,0,0,0,4.166,0,4.166,4.166,0,0,0,0,2.79114,0.0751399,2.70614,2.87614,6.95714,0.0751399,6.87214,7.04214,
1.7,8,5,5,6,6,6,0,0,0,0,0,0,0,0,0,0,0,0,4.166,0,4.166,4.166,0,0,0,0,2.77114,0.0751399,2.68614,2.85614,6.93714,0.0751399,6.85214,7.02214,
1.7,3,3,6,6,6,6,0,0,0,0,0,0,0,0,0,0,0,0,4.166,0,4.166,4.166,1.00072,0,1.00072,1.00072,3.48387,0.15599,3.18956,3.62342,8.65059,0.15599,8.35628,8.79014,
1.8,2,2,7,6,6,6,0,0,0,0,0,0,0,0,0,0,0,0,4.166,0,4.166,4.166,5.00116,0,5.00116,5.00116,2.99719,0.0637345,2.92312,3.07326,12.1644,0.0637345,12.0903,12.2404,
1.8,9,6,7,6,6,6,0,0,0,0,0,0,0,0,0,0,0,0,4.166,0,4.166,4.166,5.08403,0,5.08403,5.08403,2.99468,0.0672346,2.90639,3.07239,12.2447,0.0672346,12.1564,12.3224,
1.8,4,3,8,6,6,6,0,0,0,0,0,0,0,0,0,0,0,0,4.166,0,4.166,4.166,5.00116,0,5.00116,5.00116,2.99719,0.0637345,2.92312,3.07326,12.1644,0.0637345,12.0903,12.2404,
1.8,7,5,8,6,6,6,0,0,0,0,0,0,0,0,0,0,0,0,4.166,0,4.166,4.166,5.00116,0,5.00116,5.00116,2.99719,0.0637345,2.92312,3.07326,12.1644,0.0637345,12.0903,12.2404,
1.8,10,2,2,6,6,6,0,0,0,0,0,0,0,0,0,0,0,0,4.166,0,4.166,4.166,0,0,0,0,2.79581,0.0742473,2.71214,2.88014,6.96181,0.0742473,6.87814,7.04614,
1.8,6,4,3,6,6,6,0,0,0,0,0,0,0,0,0,0,0,0,4.166,0,4.166,4.166,1.00072,0,1.00072,1.00072,2.79442,0.0751399,2.70942,2.87942,7.96114,0.0751399,7.87614,8.04614,
1.8,5,4,4,6,6,6,0,0,0,0,0,0,0,0,0,0,0,0,4.166,0,4.166,4.166,0,0,0,0,2.79514,0.0751399,2.71014,2.88014,6.96114,0.0751399,6.87614,7.04614,
1.8,8,5,5,6,6,6,0,0,0,0,0,0,0,0,0,0,0,0,4.166,0,4.166,4.166,0,0,0,0,2.77514,0.0751399,2.69014,2.86014,6.94114,0.0751399,6.85614,7.02614,
1.8,3,3,6,6,6,6,0,0,0,0,0,0,0,0,0,0,0,0,4.166,0,4.166,4.166,1.00072,0,1.00072,1.00072,2.79442,0.0751399,2.70942,2.87942,7.96114,0.0751399,7.87614,8.04614,
1.9,2,2,7,6,6,6,0,0,0,0,0,0,0,0,0,0,0,0,4.166,0,4.166,4.166,5.00116,0,5.00116,5.00116,2.99226,0.0751399,2.90726,3.07726,12.1594,0.0751399,12.0744,12.2444,
1.9,9,6,7,6,6,6,0,0,0,0,0,0,0,0,0,0,0,0,4.166,0,4.166,4.166,5.08403,0,5.08403,5.08403,2.99273,0.0742473,2.90839,3.07639,12.2428,0.0742473,12.1584,12.3264,
1.9,4,3,8,6,6,6,0,0,0,0,0,0,0,0,0,0,0,0,4.166,0,4.166,4.166,5.00116,0,5.00116,5.00116,2.99226,0.0751399,2.90726,3.07726,12.1594,0.0751399,12.0744,12.2444,
1.9,7,5,8,6,6,6,0,0,0,0,0,0,0,0,0,0,0,0,4.166,0,4.166,4.166,5.00116,0,5.00116,5.00116,2.99226,0.0751399,2.90726,3.07726,12.1594,0.0751399,12.0744,12.2444,
1.9,10,2,2,6,6,6,0,0,0,0,0,0,0,0,0,0,0,0,4.166,0,4.166,4.166,0,0,0,0,2.79981,0.0742473,2.71614,2.88414,6.96581,0.0742473,6.88214,7.05014,
1.9,6,4,3,6,6,6,0,0,0,0,0,0,0,0,0,0,0,0,4.166,0,4.166,4.166,1.00072,0,1.00072,1.00072,2.79842,0.0751399,2.71342,2.88342,7.96514,0.0751399,7.88014,8.05014,
1.9,5,4,4,6,6,6,0,0,0,0,0,0,0,0,0,0,0,0,4.166,0,4.166,4.166,0,0,0,0,2.79914,0.0751399,2.71414,2.88414,6.96514,0.0751399,6.88014,7.05014,
1.9,8,5,5,6,6,6,0,0,0,0,0,0,0,0,0,0,0,0,4.166,0,4.166,4.166,0,0,0,0,2.77914,0.0751399,2.69414,2.86414,6.94514,0.0751399,6.86014,7.03014,
1.9,3,3,6,6,6,6,0,0,0,0,0,0,0,0,0,0,0,0,4.166,0,4.166,4.166,1.00072,0,1.00072,1.00072,2.79842,0.0751399,2.71342,2.88342,7.96514,0.0751399,7.88014,8.05014,
2,2,2,7,6,6,6,0,0,0,0,0,0,0,0,0,0,0,0,4.166,0,4.166,4.166,5.00116,0,5.00116,5.00116,2.99626,0.0751399,2.91126,3.08126,12.1634,0.0751399,12.0784,12.2484,
2,9,6,7,6,6,6,0,0,0,0,0,0,0,0,0,0,0,0,4.166,0,4.166,4.166,5.08403,0,5.08403,5.08403,2.99673,0.0742473,2.91239,3.08039,12.2468,0.0742473,12.1624,12.3304,
2,4,3,8,6,6,6,0,0,0,0,0,0,0,0,0,0,0,0,4.166,0,4.166,4.166,5.00116,0,5.00116,5.00116,2.99626,0.0751399,2.91126,3.08126,12.1634,0.0751399,12.0784,12.2484,
2,7,5,8,6,6,6,0,0,0,0,0,0,0,0,0,0,0,0,4.166,0,4.166,4.166,5.00116,0,5.00116,5.00116,2.99626,0.0751399,2.91126,3.08126,12.1634,0.0751399,12.0784,12.2484,
2,10,2,2,6,6,6,0,0,0,0,0,0,0,0,0,0,0,0,4.166,0,4.166,4.166,0,0,0,0,2.80381,0.0742473,2.72014,2.88814,6.96981,0.0742473,6.88614,7.05414,
2,6,4,3,6,6,6,0,0,0,0,0,0,0,0,0,0,0,0,4.166,0,4.166,4.166,1.00072,0,1.00072,1.00072,2.80242,0.0751399,2.71742,2.88742,7.96914,0.0751399,7.88414,8.05414,
2,5,4,4,6,6,6,0,0,0,0,0,0,0,0,0,0,0,0,4.166,0,4.166,4.166,0,0,0,0,2.80314,0.0751399,2.71814,2.88814,6.96914,0.0751399,6.88414,7.05414,
2,8,5,5,6,6,6,0,0,0,0,0,0,0,0,0,0,0,0,4.166,0,4.166,4.166,0,0,0,0,2.78314,0.0751399,2.69814,2.86814,6.94914,0.0751399,6.86414,7.03414,
2.1,2,2,7,6,6,6,0,0,0,0,0,0,0,0,0,0,0,0,4.166,0,4.166,4.166,5.00116,0,5.00116,5.00116,3.00026,0.0751399,2.91526,3.08526,12.1674,0.0751399,12.0824,12.2524,
2.1,9,6,7,6,6,6,0,0,0,0,0,0,0,0,0,0,0,0,4.166,0,4.166,4.166,5.08403,0,5.08403,5.08403,3.00073,0.0742473,2.91639,3.08439,12.2508,0.0742473,12.1664,12.3344,
2.1,4,3,8,6,6,6,0,0,0,0,0,0,0,0,0,0,0,0,4.166,0,4.166,4.166,5.00116,0,5.00116,5.00116,3.00026,0.0751399,2.91526,3.08526,12.1674,0.0751399,12.0824,12.2524,
2.1,7,5,8,6,6,6,0,0,0,0,0,0,0,0,0,0,0,0,4.166,0,4.166,4.166,5.00116,0,5.00116,5.00116,3.00026,0.0751399,2.91526,3.08526,12.1674,0.0751399,12.0824,12.2524,
2.1,10,2,2,6,6,6,0,0,0,0,0,0,0,0,0,0,0,0,4.166,0,4.166,4.166,0,0,0,0,2.80781,0.0742473,2.72414,2.89214,6.97381,0.0742473,6.89014,7.05814,
2.1,6,4,3,6,6,6,0,0,0,0,0,0,0,0,0,0,0,0,4.166,0,4.166,4.166,1.00072,0,1.00072,1.00072,2.80642,0.0751399,2.72142,2.89142,7.97314,0.0751399,7.88814,8.05814,
2.1,5,4,4,6,6,6,0,0,0,0,0,0,0,0,0,0,0,0,4.166,0,4.166,4.166,0,0,0,0,2.80714,0.0751399,2.72214,2.89214,6.97314,0.0751399,6.88814,7.05814,
2.1,8,5,5,6,6,6,0,0,0,0,0,0,0,0,0,0,0,0,4.166,0,4.166,4.166,0,0,0,0,2.78714,0.0751399,2.70214,2.87214,6.95314,0.0751399,6.86814,7.03814,
2.1,1,2,6,6,5,5,0,0,0,0,0,0,0,0,0,0,0,0,4.166,0,4.166,4.166,1.00072,0,1.00072,1.00072,2.88342,0.224477,2.68342,3.26542,8.05014,0.224477,7.85014,8.43214,
2.2,2,2,7,6,6,6,0,0,0,0,0,0,0,0,0,0,0,0,4.166,0,4.166,4.166,5.00116,0,5.00116,5.00116,3.00426,0.0751399,2.91926,3.08926,12.1714,0.0751399,12.0864,12.2564,
2.2,9,6,7,6,6,6,0,0,0,0,0,0,0,0,0,0,0,0,4.166,0,4.166,4.166,5.08403,0,5.08403,5.08403,3.00473,0.0742473,2.92039,3.08839,12.2548,0.0742473,12.1704,12.3384,
2.2,4,3,8,6,6,6,0,0,0,0,0,0,0,0,0,0,0,0,4.166,0,4.166,4.166,5.00116,0,5.00116,5.00116,3.00426,0.0751399,2.91926,3.08926,12.1714,0.0751399,12.0864,12.2564,
2.2,7,5,8,6,6,6,0,0,0,0,0,0,0,0,0,0,0,0,4.166,0,4.166,4.166,5.00116,0,5.00116,5.00116,3.00426,0.0751399,2.91926,3.08926,12.1714,0.0751399,12.0864,12.2564,
2.2,10,2,2,6,6,6,0,0,0,0,0,0,0,0,0,0,0,0,4.166,0,4.166,4.166,0,0,0,0,2.81181,0.0742473,2.72814,2.89614,6.97781,0.0742473,6.89414,7.06214,
2.2,6,4,3,6,6,6,0,0,0,0,0,0,0,0,0,0,0,0,4.166,0,4.166,4.166,1.00072,0,1.00072,1.00072,2.81042,0.0751399,2.72542,2.89542,7.97714,0.0751399,7.89214,8.06214,
2.2,5,4,4,6,6,6,0,0,0,0,0,0,0,0,0,0,0,0,4.166,0,4.166,4.166,0,0,0,0,2.81114,0.0751399,2.72614,2.89614,6.97714,0.0751399,6.89214,7.06214,
2.2,8,5,5,6,6,6,0,0,0,0,0,0,0,0,0,0,0,0,4.166,0,4.166,4.166,0,0,0,0,2.79114,0.0751399,2.70614,2.87614,6.95714,0.0751399,6.87214,7.04214,
2.2,1,2,6,6,6,6,0,0,0,0,0,0,0,0,0,0,0,0,4.166,0,4.166,4.166,1.00072,0,1.00072,1.00072,2.77042,0.0751399,2.68542,2.85542,7.93714,0.0751399,7.85214,8.02214,
2.3,2,2,7,6,6,6,0,0,0,0,0,0,0,0,0,0,0,0,4.166,0,4.166,4.166,5.00116,0,5.00116,5.00116,3.00826,0.0751399,2.92326,3.09326,12.1754,0.0751399,12.0904,12.2604,
2.3,9,6,7,6,6,6,0,0,0,0,0,0,0,0,0,0,0,0,4.166,0,4.166,4.166,5.08403,0,5.08403,5.08403,3.00873,0.0742473,2.92439,3.09239,12.2588,0.0742473,12.1744,12.3424,
2.3,4,3,8,6,6,6,0,0,0,0,0,0,0,0,0,0,0,0,4.166,0,4.166,4.166,5.00116,0,5.00116,5.00116,3.00826,0.0751399,2.92326,3.09326,12.1754,0.0751399,12.0904,12.2604,
2.3,7,5,8,6,6,6,0,0,0,0,0,0,0,0,0,0,0,0,4.166,0,4.166,4.166,5.00116,0,5.00116,5.00116,3.00826,0.0751399,2.92326,3.09326,12.1754,0.0751399,12.0904,12.2604,
2.3,10,2,2,6,6,6,0,0,0,0,0,0,0,0,0,0,0,0,4.166,0,4.166,4.166,0,0,0,0,2.81581,0.0742473,2.73214,2.90014,6.98181,0.0742473,6.89814,7.06614,
2.3,6,4,3,6,6,6,0,0,0,0,0,0,0,0,0,0,0,0,4.166,0,4.166,4.166,1.00072,0,1.00072,1.00072,2.81442,0.0751399,2.72942,2.89942,7.98114,0.0751399,7.89614,8.06614,
2.3,5,4,4,6,6,6,0,0,0,0,0,0,0,0,0,0,0,0,4.166,0,4.166,4.166,0,0,0,0,2.81514,0.0751399,2.73014,2.90014,6.98114,0.0751399,6.89614,7.06614,
2.3,8,5,5,6,6,6,0,0,0,0,0,0,0,0,0,0,0,0,4.166,0,4.166,4.166,0,0,0,0,2.79514,0.0751399,2.71014,2.88014,6.96114,0.0751399,6.87614,7.04614,
2.3,1,2,6,6,6,6,0,0,0,0,0,0,0,0,0,0,0,0,4.166,0,4.166,4.166,1.00072,0,1.00072,1.00072,2.77442,0.0751399,2.68942,2.85942,7.94114,0.0751399,7.85614,8.02614,
2.4,2,2,7,6,6,6,0,0,0,0,0,0,0,0,0,0,0,0,4.166,0,4.166,4.166,5.00116,0,5.00116,5.00116,3.01226,0.0751399,2.92726,3.09726,12.1794,0.0751399,12.0944,12.2644,
2.4,9,6,7,6,6,6,0,0,0,0,0,0,0,0,0,0,0,0,4.166,0,4.166,4.166,5.08403,0,5.08403,5.08403,3.01273,0.0742473,2.92839,3.09639,12.2628,0.0742473,12.1784,12.3464,
2.4,4,3,8,6,6,6,0,0,0,0,0,0,0,0,0,0,0,0,4.166,0,4.166,4.166,5.00116,0,5.00116,5.00116,3.01226,0.0751399,2.92726,3.09726,12.1794,0.0751399,12.0944,12.2644,
2.4,7,5,8,6,6,6,0,0,0,0,0,0,0,0,0,0,0,0,4.166,0,4.166,4.166,5.00116,0,5.00116,5.00116,3.01226,0.0751399,2.92726,3.09726,12.1794,0.0751399,12.0944,12.2644,
2.4,10,2,2,6,6,6,0,0,0,0,0,0,0,0,0,0,0,0,4.166,0,4.166,4.166,0,0,0,0,2.81981,0.0742473,2.73614,2.90414,6.98581,0.0742473,6.90214,7.07014,
2.4,6,4,3,6,6,6,0,0,0,0,0,0,0,0,0,0,0,0,4.166,0,4.166,4.166,1.00072,0,1.00072,1.00072,2.81842,0.0751399,2.73342,2.90342,7.98514,0.0751399,7.90014,8.07014,
2.4,5,4,4,6,6,6,0,0,0,0,0,0,0,0,0,0,0,0,4.166,0,4.166,4.166,0,0,0,0,2.81914,0.0751399,2.73414,2.90414,6.98514,0.0751399,6.90014,7.07014,
2.4,8,5,5,6,6,6,0,0,0,0,0,0,0,0,0,0,0,0,4.166,0,4.166,4.166,0,0,0,0,2.79914,0.0751399,2.71414,2.88414,6.96514,0.0751399,6.88014,7.05014,
2.4,1,2,6,6,6,6,0,0,0,0,0,0,0,0,0,0,0,0,4.166,0,4.166,4.166,1.00072,0,1.00072,1.00072,2.77842,0.0751399,2.69342,2.86342,7.94514,0.0751399,7.86014,8.03014,
2.5,2,2,7,6,6,6,0,0,0,0,0,0,0,0,0,0,0,0,4.166,0,4.166,4.166,5.00116,0,5.00116,5.00116,3.01626,0.0751399,2.93126,3.10126,12.1834,0.0751399,12.0984,12.2684,
2.5,9,6,7,6,6,6,0,0,0,0,0,0,0,0,0,0,0,0,4.166,0,4.166,4.166,5.08403,0,5.08403,5.08403,3.01673,0.0742473,2.93239,3.10039,12.2668,0.0742473,12.1824,12.3504,
2.5,4,3,8,6,6,6,0,0,0,0,0,0,0,0,0,0,0,0,4.166,0,4.166,4.166,5.00116,0,5.00116,5.00116,3.01626,0.0751399,2.93126,3.10126,12.1834,0.0751399,12.0984,12.2684,
2.5,7,5,8,6,6,6,0,0,0,0,0,0,0,0,0,0,0,0,4.166,0,4.166,4.166,5.00116,0,5.00116,5.00116,3.01626,0.0751399,2.93126,3.10126,12.1834,0.0751399,12.0984,12.2684,
2.5,10,2,2,6,6,6,0,0,0,0,0,0,0,0,0,0,0,0,4.166,0,4.166,4.166,0,0,0,0,2.82381,0.0742473,2.74014,2.90814,6.98981,0.0742473,6.90614,7.07414,
2.5,6,4,3,6,6,6,0,0,0,0,0,0,0,0,0,0,0,0,4.166,0,4.166,4.166,1.00072,0,1.00072,1.00072,2.82242,0.0751399,2.73742,2.90742,7.98914,0.0751399,7.90414,8.07414,
2.5,8,5,5,6,6,6,0,0,0,0,0,0,0,0,0,0,0,0,4.166,0,4.166,4.166,0,0,0,0,2.80314,0.0751399,2.71814,2.88814,6.96914,0.0751399,6.88414,7.05414,
2.5,1,2,6,6,6,6,0,0,0,0,0,0,0,0,0,0,0,0,4.166,0,4.166,4.166,1.00072,0,1.00072,1.00072,2.78242,0.0751399,2.69742,2.86742,7.94914,0.0751399,7.86414,8.03414,
2.6,2,2,7,6,6,6,0,0,0,0,0,0,0,0,0,0,0,0,4.166,0,4.166,4.166,5.00116,0,5.00116,5.00116,3.02026,0.0751399,2.93526,3.10526,12.1874,0.0751399,12.1024,12.2724,
2.6,9,6,7,6,6,6,0,0,0,0,0,0,0,0,0,0,0,0,4.166,0,4.166,4.166,5.08403,0,5.08403,5.08403,3.02073,0.0742473,2.93639,3.10439,12.2708,0.0742473,12.1864,12.3544,
2.6,4,3,8,6,6,6,0,0,0,0,0,0,0,0,0,0,0,0,4.166,0,4.166,4.166,5.00116,0,5.00116,5.00116,3.02026,0.0751399,2.93526,3.10526,12.1874,0.0751399,12.1024,12.2724,
2.6,7,5,8,6,6,6,0,0,0,0,0,0,0,0,0,0,0,0,4.166,0,4.166,4.166,5.00116,0,5.00116,5.00116,3.02026,0.0751399,2.93526,3.10526,12.1874,0.0751399,12.1024,12.2724,
2.6,10,2,2,6,6,6,0,0,0,0,0,0,0,0,0,0,0,0,4.166,0,4.166,4.166,0,0,0,0,2.82781,0.0742473,2.74414,2.91214,6.99381,0.0742473,6.91014,7.07814,
2.6,6,4,3,6,6,6,0,0,0,0,0,0,0,0,0,0,0,0,4.166,0,4.166,4.166,1.00072,0,1.00072,1.00072,2.82642,0.0751399,2.74142,2.91142,7.99314,0.0751399,7.90814,8.07814,
2.6,3,3,4,5,5,5,0,0,0,0,0,0,0,0,0,0,0,0,4.166,0,4.166,4.166,1.00072,0,1.00072,1.00072,2.88342,0.224477,2.68342,3.26542,8.05014,0.224477,7.85014,8.43214,
2.6,8,5,5,6,6,6,0,0,0,0,0,0,0,0,0,0,0,0,4.166,0,4.166,4.166,0,0,0,0,2.80714,0.0751399,2.72214,2.89214,6.97314,0.0751399,6.88814,7.05814,
2.6,1,2,6,6,6,6,0,0,0,0,0,0,0,0,0,0,0,0,4.166,0,4.166,4.166,1.00072,0,1.00072,1.00072,2.78642,0.0751399,2.70142,2.87142,7.95314,0.0751399,7.86814,8.03814,
2.7,2,2,7,6,6,6,0,0,0,0,0,0,0,0,0,0,0,0,4.166,0,4.166,4.166,5.00116,0,5.00116,5.00116,3.02426,0.0751399,2.93926,3.10926,12.1914,0.0751399,12.1064,12.2764,
2.7,9,6,7,6,6,6,0,0,0,0,0,0,0,0,0,0,0,0,4.166,0,4.166,4.166,5.08403,0,5.08403,5.08403,3.02473,0.0742473,2.94039,3.10839,12.2748,0.0742473,12.1904,12.3584,
2.7,4,3,8,6,6,6,0,0,0,0,0,0,0,0,0,0,0,0,4.166,0,4.166,4.166,5.00116,0,5.00116,5.00116,3.02426,0.0751399,2.93926,3.10926,12.1914,0.0751399,12.1064,12.2764,
2.7,7,5,8,6,6,6,0,0,0,0,0,0,0,0,0,0,0,0,4.166,0,4.166,4.166,5.00116,0,5.00116,5.00116,3.02426,0.0751399,2.93926,3.10926,12.1914,0.0751399,12.1064,12.2764,
2.7,10,2,2,6,6,6,0,0,0,0,0,0,0,0,0,0,0,0,4.166,0,4.166,4.166,0,0,0,0,2.83181,0.0742473,2.74814,2.91614,6.99781,0.0742473,6.91414,7.08214,
2.7,6,4,3,6,6,6,0,0,0,0,0,0,0,0,0,0,0,0,4.166,0,4.166,4.166,1.00072,0,1.00072,1.00072,2.83042,0.0751399,2.74542,2.91542,7.99714,0.0751399,7.91214,8.08214,
2.7,3,3,4,6,6,6,0,0,0,0,0,0,0,0,0,0,0,0,4.166,0,4.166,4.166,1.00072,0,1.00072,1.00072,2.77042,0.0751399,2.68542,2.85542,7.93714,0.0751399,7.85214,8.02214,
2.7,8,5,5,6,6,6,0,0,0,0,0,0,0,0,0,0,0,0,4.166,0,4.166,4.166,0,0,0,0,2.81114,0.0751399,2.72614,2.89614,6.97714,0.0751399,6.89214,7.06214,
2.7,1,2,6,6,6,6,0,0,0,0,0,0,0,0,0,0,0,0,4.166,0,4.166,4.166,1.00072,0,1.00072,1.00072,2.79042,0.0751399,2.70542,2.87542,7.95714,0.0751399,7.87214,8.04214,
2.8,2,2,7,6,6,6,0,0,0,0,0,0,0,0,0,0,0,0,4.166,0,4.166,4.166,5.00116,0,5.00116,5.00116,3.02826,0.0751399,2.94326,3.11326,12.1954,0.0751399,12.1104,12.2804,
2.8,9,6,7,6,6,6,0,0,0,0,0,0,0,0,0,0,0,0,4.166,0,4.166,4.166,5.08403,0,5.08403,5.08403,3.02873,0.0742473,2.94439,3.11239,12.2788,0.0742473,12.1944,12.3624,
2.8,4,3,8,6,6,6,0,0,0,0,0,0,0,0,0,0,0,0,4.166,0,4.166,4.166,5.00116,0,5.00116,5.00116,3.02826,0.0751399,2.94326,3.11326,12.1954,0.0751399,12.1104,12.2804,
2.8,7,5,8,6,6,6,0,0,0,0,0,0,0,0,0,0,0,0,4.166,0,4.166,4.166,5.00116,0,5.00116,5.00116,3.02826,0.0751399,2.94326,3.11326,12.1954,0.0751399,12.1104,12.2804,
2.8,10,2,2,6,6,6,0,0,0,0,0,0,0,0,0,0,0,0,4.166,0,4.166,4.166,0,0,0,0,2.83581,0.0742473,2.75214,2.92014,7.00181,0.0742473,6.91814,7.08614,
2.8,6,4,3,6,6,6,0,0,0,0,0,0,0,0,0,0,0,0,4.166,0,4.166,4.166,1.00072,0,1.00072,1.00072,2.83442,0.0751399,2.74942,2.91942,8.00114,0.0751399,7.91614,8.08614,
2.8,3,3,4,6,6,6,0,0,0,0,0,0,0,0,0,0,0,0,4.166,0,4.166,4.166,1.00072,0,1.00072,1.00072,2.77442,0.0751399,2.68942,2.85942,7.94114,0.0751399,7.85614,8.02614,
2.8,8,5,5,6,6,6,0,0,0,0,0,0,0,0,0,0,0,0,4.166,0,4.166,4.166,0,0,0,0,2.81514,0.0751399,2.73014,2.90014,6.98114,0.0751399,6.89614,7.06614,
2.8,1,2,6,6,6,6,0,0,0,0,0,0,0,0,0,0,0,0,4.166,0,4.166,4.166,1.00072,0,1.00072,1.00072,2.79442,0.0751399,2.70942,2.87942,7.96114,0.0751399,7.87614,8.04614,
2.9,2,2,7,6,6,6,0,0,0,0,0,0,0,0,0,0,0,0,4.166,0,4.166,4.166,5.00116,0,5.00116,5.00116,3.03226,0.0751399,2.94726,3.11726,12.1994,0.0751399,12.1144,12.2844,
2.9,9,6,7,6,6,6,0,0,0,0,0,0,0,0,0,0,0,0,4.166,0,4.166,4.166,5.08403,0,5.08403,5.08403,3.03273,0.0742473,2.94839,3.11639,12.2828,0.0742473,12.1984,12.3664,
2.9,4,3,8,6,6,6,0,0,0,0,0,0,0,0,0,0,0,0,4.166,0,4.166,4.166,5.00116,0,5.00116,5.00116,3.03226,0.0751399,2.94726,3.11726,12.1994,0.0751399,12.1144,12.2844,
2.9,7,5,8,6,6,6,0,0,0,0,0,0,0,0,0,0,0,0,4.166,0,4.166,4.166,5.00116,0,5.00116,5.00116,3.03226,0.0751399,2.94726,3.11726,12.1994,0.0751399,12.1144,12.2844,
2.9,10,2,2,6,6,6,0,0,0,0,0,0,0,0,0,0,0,0,4.166,0,4.166,4.166,0,0,0,0,2.83981,0.0742473,2.75614,2.92414,7.00581,0.0742473,6.92214,7.09014,
2.9,6,4,3,6,6,6,0,0,0,0,0,0,0,0,0,0,0,0,4.166,0,4.166,4.166,1.00072,0,1.00072,1.00072,2.83842,0.0751399,2.75342,2.92342,8.00514,0.0751399,7.92014,8.09014,
2.9,3,3,4,6,6,6,0,0,0,0,0,0,0,0,0,0,0,0,4.166,0,4.166,4.166,1.00072,0,1.00072,1.00072,2.77842,0.0751399,2.69342,2.86342,7.94514,0.0751399,7.86014,8.03014,
2.9,8,5,5,6,6,6,0,0,0,0,0,0,0,0,0,0,0,0,4.166,0,4.166,4.166,0,0,0,0,2.81914,0.0751399,2.73414,2.90414,6.98514,0.0751399,6.90014,7.07014,
2.9,1,2,6,6,6,6,0,0,0,0,0,0,0,0,0,0,0,0,4.166,0,4.166,4.166,1.00072,0,1.00072,1.00072,2.79842,0.0751399,2.71342,2.88342,7.96514,0.0751399,7.88014,8.05014,
3,2,2,7,6,6,6,0,0,0,0,0,0,0,0,0,0,0,0,4.166,0,4.166,4.166,5.00116,0,5.00116,5.00116,3.03626,0.0751399,2.95126,3.12126,12.2034,0.0751399,12.1184,12.2884,
3,9,6,7,6,6,6,0,0,0,0,0,0,0,0,0,0,0,0,4.166,0,4.166,4.166,5.08403,0,5.08403,5.08403,3.03673,0.0742473,2.95239,3.12039,12.2868,0.0742473,12.2024,12.3704,
3,4,3,8,6,6,6,0,0,0,0,0,0,0,0,0,0,0,0,4.166,0,4.166,4.166,5.00116,0,5.00116,5.00116,3.03626,0.0751399,2.95126,3.12126,12.2034,0.0751399,12.1184,12.2884,
3,7,5,8,6,6,6,0,0,0,0,0,0,0,0,0,0,0,0,4.166,0,4.166,4.166,5.00116,0,5.00116,5.00116,3.03626,0.0751399,2.95126,3.12126,12.2034,0.0751399,12.1184,12.2884,
3,10,2,2,6,6,6,0,0,0,0,0,0,0,0,0,0,0,0,4.166,0,4.166,4.166,0,0,0,0,2.84381,0.0742473,2.76014,2.92814,7.00981,0.0742473,6.92614,7.09414,
3,6,4,3,6,6,6,0,0,0,0,0,0,0,0,0,0,0,0,4.166,0,4.166,4.166,1.00072,0,1.00072,1.00072,2.84242,0.0751399,2.75742,2.92742,8.00914,0.0751399,7.92414,8.09414,
3,8,5,5,6,6,6,0,0,0,0,0,0,0,0,0,0,0,0,4.166,0,4.166,4.166,0,0,0,0,2.82314,0.0751399,2.73814,2.90814,6.98914,0.0751399,6.90414,7.07414,
3,1,2,6,6,6,6,0,0,0,0,0,0,0,0,0,0,0,0,4.166,0,4.166,4.166,1.00072,0,1.00072,1.00072,2.80242,0.0751399,2.71742,2.88742,7.96914,0.0751399,7.88414,8.05414,
3.1,2,2,7,6,6,6,0,0,0,0,0,0,0,0,0,0,0,0,4.166,0,4.166,4.166,5.00116,0,5.00116,5.00116,3.04026,0.0751399,2.95526,3.12526,12.2074,0.0751399,12.1224,12.2924,
3.1,9,6,7,6,6,6,0,0,0,0,0,0,0,0,0,0,0,0,4.166,0,4.166,4.166,5.08403,0,5.08403,5.08403,3.04073,0.0742473,2.95639,3.12439,12.2908,0.0742473,12.2064,12.3744,
3.1,4,3,8,6,6,6,0,0,0,0,0,0,0,0,0,0,0,0,4.166,0,4.166,4.166,5.00116,0,5.00116,5.00116,3.04026,0.0751399,2.95526,3.12526,12.2074,0.0751399,12.1224,12.2924,
3.1,7,5,8,6,6,6,0,0,0,0,0,0,0,0,0,0,0,0,4.166,0,4.166,4.166,5.00116,0,5.00116,5.00116,3.04026,0.0751399,2.95526,3.12526,12.2074,0.0751399,12.1224,12.2924,
3.1,10,2,2,6,6,6,0,0,0,0,0,0,0,0,0,0,0,0,4.166,0,4.166,4.166,0,0,0,0,2.80614,0.0865794,2.68214,2.93014,6.97214,0.0865794,6.84814,7.09614,
3.1,6,4,3,6,6,6,0,0,0,0,0,0,0,0,0,0,0,0,4.166,0,4.166,4.166,1.00072,0,1.00072,1.00072,4.1619,0.773534,2.76142,4.68142,9.32862,0.773534,7.92814,9.84814,
3.1,5,4,4,6,5,5,0,0,0,0,0,0,0,0,0,0,0,0,4.166,0,4.166,4.166,0,0,0,0,4.477,0.154233,4.23043,4.60214,8.643,0.154233,8.39643,8.76814,
3.1,8,5,5,6,6,6,0,0,0,0,0,0,0,0,0,0,0,0,4.166,0,4.166,4.166,0,0,0,0,2.82714,0.0751399,2.74214,2.91214,6.99314,0.0751399,6.90814,7.07814,
3.1,1,2,6,6,6,6,0,0,0,0,0,0,0,0,0,0,0,0,4.166,0,4.166,4.166,1.00072,0,1.00072,1.00072,2.80642,0.0751399,2.72142,2.89142,7.97314,0.0751399,7.88814,8.05814,
3.2,2,2,7,6,6,6,0,0,0,0,0,0,0,0,0,0,0,0,4.166,0,4.166,4.166,5.00116,0,5.00116,5.00116,3.04426,0.0751399,2.95926,3.12926,12.2114,0.0751399,12.1264,12.2964,
3.2,9,6,7,6,6,6,0,0,0,0,0,0,0,0,0,0,0,0,4.166,0,4.166,4.166,5.08403,0,5.08403,5.08403,3.04473,0.0742473,2.96039,3.12839,12.2948,0.0742473,12.2104,12.3784,
3.2,4,3,8,6,6,6,0,0,0,0,0,0,0,0,0,0,0,0,4.166,0,4.166,4.166,5.00116,0,5.00116,5.00116,3.04426,0.0751399,2.95926,3.12926,12.2114,0.0751399,12.1264,12.2964,
3.2,7,5,8,6,6,6,0,0,0,0,0,0,0,0,0,0,0,0,4.166,0,4.166,4.166,5.00116,0,5.00116,5.00116,3.04426,0.0751399,2.95926,3.12926,12.2114,0.0751399,12.1264,12.2964,
3.2,10,2,2,6,6,6,0,0,0,0,0,0,0,0,0,0,0,0,4.166,0,4.166,4.166,0,0,0,0,2.76847,0.0742473,2.68414,2.85214,6.93447,0.0742473,6.85014,7.01814,
3.2,6,4,3,6,6,6,0,0,0,0,0,0,0,0,0,0,0,0,4.166,0,4.166,4.166,1.00072,0,1.00072,1.00072,3.80875,0.396185,3.43342,4.51542,8.97547,0.396185,8.60014,9.68214,
3.2,5,4,4,6,6,6,0,0,0,0,0,0,0,0,0,0,0,0,4.166,0,4.166,4.166,0,0,0,0,3.81281,0.314265,3.60414,4.43614,7.97881,0.314265,7.77014,8.60214,
3.2,8,5,5,6,6,6,0,0,0,0,0,0,0,0,0,0,0,0,4.166,0,4.166,4.166,0,0,0,0,2.83114,0.0751399,2.74614,2.91614,6.99714,0.0751399,6.91214,7.08214,
3.2,1,2,6,6,6,6,0,0,0,0,0,0,0,0,0,0,0,0,4.166,0,4.166,4.166,1.00072,0,1.00072,1.00072,2.81042,0.0751399,2.72542,2.89542,7.97714,0.0751399,7.89214,8.06214,
3.3,2,2,7,6,6,6,0,0,0,0,0,0,0,0,0,0,0,0,4.166,0,4.166,4.166,5.00116,0,5.00116,5.00116,3.04826,0.0751399,2.96326,3.13326,12.2154,0.0751399,12.1304,12.3004,
3.3,9,6,7,6,6,6,0,0,0,0,0,0,0,0,0,0,0,0,4.166,0,4.166,4.166,5.08403,0,5.08403,5.08403,3.04873,0.0742473,2.96439,3.13239,12.2988,0.0742473,12.2144,12.3824,
3.3,4,3,8,6,6,6,0,0,0,0,0,0,0,0,0,0,0,0,4.166,0,4.166,4.166,5.00116,0,5.00116,5.00116,3.04826,0.0751399,2.96326,3.13326,12.2154,0.0751399,12.1304,12.3004,
3.3,7,5,8,6,6,6,0,0,0,0,0,0,0,0,0,0,0,0,4.166,0,4.166,4.166,5.00116,0,5.00116,5.00116,3.04826,0.0751399,2.96326,3.13326,12.2154,0.0751399,12.1304,12.3004,
3.3,10,2,2,6,6,6,0,0,0,0,0,0,0,0,0,0,0,0,4.166,0,4.166,4.166,0,0,0,0,2.77247,0.0742473,2.68814,2.85614,6.93847,0.0742473,6.85414,7.02214,
3.3,6,4,3,6,6,6,0,0,0,0,0,0,0,0,0,0,0,0,4.166,0,4.166,4.166,1.00072,0,1.00072,1.00072,3.68775,0.196755,3.43742,3.85542,8.85447,0.196755,8.60414,9.02214,
3.3,5,4,4,6,6,6,0,0,0,0,0,0,0,0,0,0,0,0,4.166,0,4.166,4.166,0,0,0,0,3.69181,0.0742473,3.60814,3.77614,7.85781,0.0742473,7.77414,7.94214,
3.3,8,5,5,6,6,6,0,0,0,0,0,0,0,0,0,0,0,0,4.166,0,4.166,4.166,0,0,0,0,2.83514,0.0751399,2.75014,2.92014,7.00114,0.0751399,6.91614,7.08614,
3.3,1,2,6,6,6,6,0,0,0,0,0,0,0,0,0,0,0,0,4.166,0,4.166,4.166,1.00072,0,1.00072,1.00072,2.81442,0.0751399,2.72942,2.89942,7.98114,0.0751399,7.89614,8.06614,
3.4,2,2,7,6,6,6,0,0,0,0,0,0,0,0,0,0,0,0,4.166,0,4.166,4.166,5.00116,0,5.00116,5.00116,3.05226,0.0751399,2.96726,3.13726,12.2194,0.0751399,12.1344,12.3044,
3.4,9,6,7,6,6,6,0,0,0,0,0,0,0,0,0,0,0,0,4.166,0,4.166,4.166,5.08403,0,5.08403,5.08403,3.05273,0.0742473,2.96839,3.13639,12.3028,0.0742473,12.2184,12.3864,
3.4,4,3,8,6,6,6,0,0,0,0,0,0,0,0,0,0,0,0,4.166,0,4.166,4.166,5.00116,0,5.00116,5.00116,3.05226,0.0751399,2.96726,3.13726,12.2194,0.0751399,12.1344,12.3044,
3.4,7,5,8,6,6,6,0,0,0,0,0,0,0,0,0,0,0,0,4.166,0,4.166,4.166,5.00116,0,5.00116,5.00116,3.05226,0.0751399,2.96726,3.13726,12.2194,0.0751399,12.1344,12.3044,
3.4,10,2,2,6,6,6,0,0,0,0,0,0,0,0,0,0,0,0,4.166,0,4.166,4.166,0,0,0,0,2.77647,0.0742473,2.69214,2.86014,6.94247,0.0742473,6.85814,7.02614,
3.4,6,4,3,6,6,6,0,0,0,0,0,0,0,0,0,0,0,0,4.166,0,4.166,4.166,1.00072,0,1.00072,1.00072,3.69175,0.196755,3.44142,3.85942,8.85847,0.196755,8.60814,9.02614,
3.4,5,4,4,6,6,6,0,0,0,0,0,0,0,0,0,0,0,0,4.166,0,4.166,4.166,0,0,0,0,3.69581,0.0742473,3.61214,3.78014,7.86181,0.0742473,7.77814,7.94614,
3.4,8,5,5,6,6,6,0,0,0,0,0,0,0,0,0,0,0,0,4.166,0,4.166,4.166,0,0,0,0,2.83914,0.0751399,2.75414,2.92414,7.00514,0.0751399,6.92014,7.09014,
3.4,1,2,6,6,6,6,0,0,0,0,0,0,0,0,0,0,0,0,4.166,0,4.166,4.166,1.00072,0,1.00072,1.00072,2.81842,0.0751399,2.73342,2.90342,7.98514,0.0751399,7.90014,8.07014,
3.5,2,2,7,6,6,6,0,0,0,0,0,0,0,0,0,0,0,0,4.166,0,4.166,4.166,5.00116,0,5.00116,5.00116,3.05626,0.0751399,2.97126,3.14126,12.2234,0.0751399,12.1384,12.3084,
3.5,9,6,7,6,6,6,0,0,0,0,0,0,0,0,0,0,0,0,4.166,0,4.166,4.166,5.08403,0,5.08403,5.08403,3.05673,0.0742473,2.97239,3.14039,12.3068,0.0742473,12.2224,12.3904,
3.5,4,3,8,6,6,6,0,0,0,0,0,0,0,0,0,0,0,0,4.166,0,4.166,4.166,5.00116,0,5.00116,5.00116,3.05626,0.0751399,2.97126,3.14126,12.2234,0.0751399,12.1384,12.3084,
3.5,7,5,8,6,6,6,0,0,0,0,0,0,0,0,0,0,0,0,4.166,0,4.166,4.166,5.00116,0,5.00116,5.00116,3.05626,0.0751399,2.97126,3.14126,12.2234,0.0751399,12.1384,12.3084,
3.5,10,2,2,6,6,6,0,0,0,0,0,0,0,0,0,0,0,0,4.166,0,4.166,4.166,0,0,0,0,2.78047,0.0742473,2.69614,2.86414,6.94647,0.0742473,6.86214,7.03014,
3.5,5,4,4,6,6,6,0,0,0,0,0,0,0,0,0,0,0,0,4.166,0,4.166,4.166,0,0,0,0,2.94981,0.371904,2.70014,3.69814,7.11581,0.371904,6.86614,7.86414,
3.5,8,5,5,6,6,6,0,0,0,0,0,0,0,0,0,0,0,0,4.166,0,4.166,4.166,0,0,0,0,2.84314,0.0751399,2.75814,2.92814,7.00914,0.0751399,6.92414,7.09414,
3.5,1,2,6,6,6,6,0,0,0,0,0,0,0,0,0,0,0,0,4.166,0,4.166,4.166,1.00072,0,1.00072,1.00072,2.82242,0.0751399,2.73742,2.90742,7.98914,0.0751399,7.90414,8.07414,
3.6,2,2,7,6,6,6,0,0,0,0,0,0,0,0,0,0,0,0,4.166,0,4.166,4.166,5.00116,0,5.00116,5.00116,3.06026,0.0751399,2.97526,3.14526,12.2274,0.0751399,12.1424,12.3124,
3.6,9,6,7,6,6,6,0,0,0,0,0,0,0,0,0,0,0,0,4.166,0,4.166,4.166,5.08403,0,5.08403,5.08403,3.06073,0.0742473,2.97639,3.14439,12.3108,0.0742473,12.2264,12.3944,
3.6,4,3,8,6,6,6,0,0,0,0,0,0,0,0,0,0,0,0,4.166,0,4.166,4.166,5.00116,0,5.00116,5.00116,3.06026,0.0751399,2.97526,3.14526,12.2274,0.0751399,12.1424,12.3124,
3.6,7,5,8,6,6,6,0,0,0,0,0,0,0,0,0,0,0,0,4.166,0,4.166,4.166,5.00116,0,5.00116,5.00116,3.06026,0.0751399,2.97526,3.14526,12.2274,0.0751399,12.1424,12.3124,
3.6,10,2,2,6,6,6,0,0,0,0,0,0,0,0,0,0,0,0,4.166,0,4.166,4.166,0,0,0,0,2.78447,0.0742473,2.70014,2.86814,6.95047,0.0742473,6.86614,7.03414,
3.6,3,3,3,5,5,5,0,0,0,0,0,0,0,0,0,0,0,0,4.166,0,4.166,4.166,0,0,0,0,2.88414,0.224477,2.68414,3.26614,7.05014,0.224477,6.85014,7.43214,
3.6,5,4,4,6,6,6,0,0,0,0,0,0,0,0,0,0,0,0,4.166,0,4.166,4.166,0,0,0,0,2.78714,0.0751399,2.70214,2.87214,6.95314,0.0751399,6.86814,7.03814,
3.6,8,5,5,6,6,6,0,0,0,0,0,0,0,0,0,0,0,0,4.166,0,4.166,4.166,0,0,0,0,2.80547,0.0869636,2.68214,2.93014,6.97147,0.0869636,6.84814,7.09614,
3.6,1,2,6,6,6,6,0,0,0,0,0,0,0,0,0,0,0,0,4.166,0,4.166,4.166,1.00072,0,1.00072,1.00072,2.82642,0.0751399,2.74142,2.91142,7.99314,0.0751399,7.90814,8.07814,
3.7,2,2,7,6,6,6,0,0,0,0,0,0,0,0,0,0,0,0,4.166,0,4.166,4.166,5.00116,0,5.00116,5.00116,2.99284,0.0590839,2.93298,3.06526,12.16,0.0590839,12.1001,12.2324,
3.7,9,6,7,6,6,6,0,0,0,0,0,0,0,0,0,0,0,0,4.166,0,4.166,4.166,5.08403,0,5.08403,5.08403,3.02901,0.0774229,2.93411,3.14639,12.279,0.0774229,12.1841,12.3964,
3.7,4,3,8,6,6,6,0,0,0,0,0,0,0,0,0,0,0,0,4.166,0,4.166,4.166,5.00116,0,5.00116,5.00116,2.99284,0.0590839,2.93298,3.06526,12.16,0.0590839,12.1001,12.2324,
3.7,7,5,8,6,6,6,0,0,0,0,0,0,0,0,0,0,0,0,4.166,0,4.166,4.166,5.00116,0,5.00116,5.00116,2.99284,0.0590839,2.93298,3.06526,12.16,0.0590839,12.1001,12.2324,
3.7,10,2,2,6,6,6,0,0,0,0,0,0,0,0,0,0,0,0,4.166,0,4.166,4.166,0,0,0,0,2.78847,0.0742473,2.70414,2.87214,6.95447,0.0742473,6.87014,7.03814,
3.7,3,3,3,6,6,6,0,0,0,0,0,0,0,0,0,0,0,0,4.166,0,4.166,4.166,0,0,0,0,2.77114,0.0751399,2.68614,2.85614,6.93714,0.0751399,6.85214,7.02214,
3.7,5,4,4,6,6,6,0,0,0,0,0,0,0,0,0,0,0,0,4.166,0,4.166,4.166,0,0,0,0,2.79114,0.0751399,2.70614,2.87614,6.95714,0.0751399,6.87214,7.04214,
3.7,8,5,5,6,6,6,0,0,0,0,0,0,0,0,0,0,0,0,4.166,0,4.166,4.166,0,0,0,0,2.76781,0.0742473,2.68414,2.85214,6.93381,0.0742473,6.85014,7.01814,
3.7,1,2,6,6,6,6,0,0,0,0,0,0,0,0,0,0,0,0,4.166,0,4.166,4.166,1.00072,0,1.00072,1.00072,3.32447,0.324525,2.74542,3.66342,8.49119,0.324525,7.91214,8.83014,
3.8,2,2,7,6,6,6,0,0,0,0,0,0,0,0,0,0,0,0,4.166,0,4.166,4.166,5.00116,0,5.00116,5.00116,2.99684,0.0590839,2.93698,3.06926,12.164,0.0590839,12.1041,12.2364,
3.8,9,6,7,6,6,6,0,0,0,0,0,0,0,0,0,0,0,0,4.166,0,4.166,4.166,5.08403,0,5.08403,5.08403,2.9973,0.0598845,2.93611,3.07039,12.2473,0.0598845,12.1861,12.3204,
3.8,4,3,8,6,6,6,0,0,0,0,0,0,0,0,0,0,0,0,4.166,0,4.166,4.166,5.00116,0,5.00116,5.00116,2.99684,0.0590839,2.93698,3.06926,12.164,0.0590839,12.1041,12.2364,
3.8,7,5,8,6,6,6,0,0,0,0,0,0,0,0,0,0,0,0,4.166,0,4.166,4.166,5.00116,0,5.00116,5.00116,2.99684,0.0590839,2.93698,3.06926,12.164,0.0590839,12.1041,12.2364,
3.8,10,2,2,6,6,6,0,0,0,0,0,0,0,0,0,0,0,0,4.166,0,4.166,4.166,0,0,0,0,2.79247,0.0742473,2.70814,2.87614,6.95847,0.0742473,6.87414,7.04214,
3.8,3,3,3,6,6,6,0,0,0,0,0,0,0,0,0,0,0,0,4.166,0,4.166,4.166,0,0,0,0,2.77514,0.0751399,2.69014,2.86014,6.94114,0.0751399,6.85614,7.02614,
3.8,5,4,4,6,6,6,0,0,0,0,0,0,0,0,0,0,0,0,4.166,0,4.166,4.166,0,0,0,0,2.79514,0.0751399,2.71014,2.88014,6.96114,0.0751399,6.87614,7.04614,
3.8,8,5,5,6,6,6,0,0,0,0,0,0,0,0,0,0,0,0,4.166,0,4.166,4.166,0,0,0,0,2.77181,0.0742473,2.68814,2.85614,6.93781,0.0742473,6.85414,7.02214,
3.8,1,2,6,6,6,6,0,0,0,0,0,0,0,0,0,0,0,0,4.166,0,4.166,4.166,1.00072,0,1.00072,1.00072,2.95347,0.257671,2.75142,3.46371,8.12019,0.257671,7.91814,8.63043,
3.9,2,2,7,6,6,6,0,0,0,0,0,0,0,0,0,0,0,0,4.166,0,4.166,4.166,5.00116,0,5.00116,5.00116,2.99191,0.0704854,2.90726,3.07326,12.1591,0.0704854,12.0744,12.2404,
3.9,9,6,7,6,6,6,0,0,0,0,0,0,0,0,0,0,0,0,4.166,0,4.166,4.166,5.08403,0,5.08403,5.08403,2.99535,0.0681491,2.90639,3.07439,12.2454,0.0681491,12.1564,12.3244,
3.9,4,3,8,6,6,6,0,0,0,0,0,0,0,0,0,0,0,0,4.166,0,4.166,4.166,5.00116,0,5.00116,5.00116,2.99191,0.0704854,2.90726,3.07326,12.1591,0.0704854,12.0744,12.2404,
3.9,7,5,8,6,6,6,0,0,0,0,0,0,0,0,0,0,0,0,4.166,0,4.166,4.166,5.00116,0,5.00116,5.00116,2.99191,0.0704854,2.90726,3.07326,12.1591,0.0704854,12.0744,12.2404,
3.9,10,2,2,6,6,6,0,0,0,0,0,0,0,0,0,0,0,0,4.166,0,4.166,4.166,0,0,0,0,2.79647,0.0742473,2.71214,2.88014,6.96247,0.0742473,6.87814,7.04614,
3.9,3,3,3,6,6,6,0,0,0,0,0,0,0,0,0,0,0,0,4.166,0,4.166,4.166,0,0,0,0,2.77914,0.0751399,2.69414,2.86414,6.94514,0.0751399,6.86014,7.03014,
3.9,5,4,4,6,6,6,0,0,0,0,0,0,0,0,0,0,0,0,4.166,0,4.166,4.166,0,0,0,0,2.79914,0.0751399,2.71414,2.88414,6.96514,0.0751399,6.88014,7.05014,
3.9,8,5,5,6,6,6,0,0,0,0,0,0,0,0,0,0,0,0,4.166,0,4.166,4.166,0,0,0,0,2.77581,0.0742473,2.69214,2.86014,6.94181,0.0742473,6.85814,7.02614,
3.9,1,2,6,6,6,6,0,0,0,0,0,0,0,0,0,0,0,0,4.166,0,4.166,4.166,1.00072,0,1.00072,1.00072,2.83842,0.0751399,2.75342,2.92342,8.00514,0.0751399,7.92014,8.09014,
4,9,6,7,6,6,6,0,0,0,0,0,0,0,0,0,0,0,0,4.166,0,4.166,4.166,5.01497,0.0338319,5.00116,5.08403,2.97912,0.0819299,2.90839,3.07726,12.1601,0.0742473,12.0764,12.2444,
4,4,3,8,6,6,6,0,0,0,0,0,0,0,0,0,0,0,0,4.166,0,4.166,4.166,5.00116,0,5.00116,5.00116,2.99293,0.0742473,2.90926,3.07726,12.1601,0.0742473,12.0764,12.2444,
4,7,5,8,6,6,6,0,0,0,0,0,0,0,0,0,0,0,0,4.166,0,4.166,4.166,5.00116,0,5.00116,5.00116,2.99293,0.0742473,2.90926,3.07726,12.1601,0.0742473,12.0764,12.2444,
4,10,2,2,6,6,6,0,0,0,0,0,0,0,0,0,0,0,0,4.166,0,4.166,4.166,0,0,0,0,2.80047,0.0742473,2.71614,2.88414,6.96647,0.0742473,6.88214,7.05014,
4,3,3,3,6,6,6,0,0,0,0,0,0,0,0,0,0,0,0,4.166,0,4.166,4.166,0,0,0,0,2.78314,0.0751399,2.69814,2.86814,6.94914,0.0751399,6.86414,7.03414,
4,5,4,4,6,6,6,0,0,0,0,0,0,0,0,0,0,0,0,4.166,0,4.166,4.166,0,0,0,0,2.80314,0.0751399,2.71814,2.88814,6.96914,0.0751399,6.88414,7.05414,
4,8,5,5,6,6,6,0,0,0,0,0,0,0,0,0,0,0,0,4.166,0,4.166,4.166,0,0,0,0,2.77981,0.0742473,2.69614,2.86414,6.94581,0.0742473,6.86214,7.03014,
4,1,2,6,6,6,6,0,0,0,0,0,0,0,0,0,0,0,0,4.166,0,4.166,4.166,1.00072,0,1.00072,1.00072,2.84242,0.0751399,2.75742,2.92742,8.00914,0.0751399,7.92414,8.09414,
4.1,9,6,7,6,6,6,0,0,0,0,0,0,0,0,0,0,0,0,4.166,0,4.166,4.166,5.00116,0,5.00116,5.00116,2.99693,0.0742473,2.91326,3.08126,12.1641,0.0742473,12.0804,12.2484,
4.1,4,3,8,6,6,6,0,0,0,0,0,0,0,0,0,0,0,0,4.166,0,4.166,4.166,5.00116,0,5.00116,5.00116,2.99693,0.0742473,2.91326,3.08126,12.1641,0.0742473,12.0804,12.2484,
4.1,6,4,8,6,5,5,0,0,0,0,0,0,0,0,0,0,0,0,4.166,0,4.166,4.166,5.00116,0,5.00116,5.00116,3.10441,0.216965,2.93298,3.47926,12.2716,0.216965,12.1001,12.6464,
4.1,7,5,8,6,6,6,0,0,0,0,0,0,0,0,0,0,0,0,4.166,0,4.166,4.166,5.00116,0,5.00116,5.00116,2.99693,0.0742473,2.91326,3.08126,12.1641,0.0742473,12.0804,12.2484,
4.1,10,2,2,6,6,6,0,0,0,0,0,0,0,0,0,0,0,0,4.166,0,4.166,4.166,0,0,0,0,2.80447,0.0742473,2.72014,2.88814,6.97047,0.0742473,6.88614,7.05414,
4.1,3,3,3,6,6,6,0,0,0,0,0,0,0,0,0,0,0,0,4.166,0,4.166,4.166,0,0,0,0,2.78714,0.0751399,2.70214,2.87214,6.95314,0.0751399,6.86814,7.03814,
4.1,5,4,4,6,6,6,0,0,0,0,0,0,0,0,0,0,0,0,4.166,0,4.166,4.166,0,0,0,0,2.80714,0.0751399,2.72214,2.89214,6.97314,0.0751399,6.88814,7.05814,
4.1,8,5,5,6,6,6,0,0,0,0,0,0,0,0,0,0,0,0,4.166,0,4.166,4.166,0,0,0,0,2.78381,0.0742473,2.70014,2.86814,6.94981,0.0742473,6.86614,7.03414,
4.1,1,2,6,6,6,6,0,0,0,0,0,0,0,0,0,0,0,0,4.166,0,4.166,4.166,1.00072,0,1.00072,1.00072,2.84642,0.0751399,2.76142,2.93142,8.01314,0.0751399,7.92814,8.09814,
4.2,9,6,7,6,6,6,0,0,0,0,0,0,0,0,0,0,0,0,4.166,0,4.166,4.166,5.00116,0,5.00116,5.00116,3.00093,0.0742473,2.91726,3.08526,12.1681,0.0742473,12.0844,12.2524,
4.2,4,3,8,6,6,6,0,0,0,0,0,0,0,0,0,0,0,0,4.166,0,4.166,4.166,5.00116,0,5.00116,5.00116,3.00093,0.0742473,2.91726,3.08526,12.1681,0.0742473,12.0844,12.2524,
4.2,6,4,8,6,6,6,0,0,0,0,0,0,0,0,0,0,0,0,4.166,0,4.166,4.166,5.00116,0,5.00116,5.00116,2.99617,0.0598845,2.93498,3.06926,12.1633,0.0598845,12.1021,12.2364,
4.2,7,5,8,6,6,6,0,0,0,0,0,0,0,0,0,0,0,0,4.166,0,4.166,4.166,5.00116,0,5.00116,5.00116,3.00093,0.0742473,2.91726,3.08526,12.1681,0.0742473,12.0844,12.2524,
4.2,10,2,2,6,6,6,0,0,0,0,0,0,0,0,0,0,0,0,4.166,0,4.166,4.166,0,0,0,0,2.80847,0.0742473,2.72414,2.89214,6.97447,0.0742473,6.89014,7.05814,
4.2,3,3,3,6,6,6,0,0,0,0,0,0,0,0,0,0,0,0,4.166,0,4.166,4.166,0,0,0,0,2.79114,0.0751399,2.70614,2.87614,6.95714,0.0751399,6.87214,7.04214,
4.2,5,4,4,6,6,6,0,0,0,0,0,0,0,0,0,0,0,0,4.166,0,4.166,4.166,0,0,0,0,2.85281,0.0869636,2.72814,2.97614,7.01881,0.0869636,6.89414,7.14214,
4.2,8,5,5,6,6,6,0,0,0,0,0,0,0,0,0,0,0,0,4.166,0,4.166,4.166,0,0,0,0,2.78781,0.0742473,2.70414,2.87214,6.95381,0.0742473,6.87014,7.03814,
4.2,1,2,6,6,6,6,0,0,0,0,0,0,0,0,0,0,0,0,4.166,0,4.166,4.166,1.00072,0,1.00072,1.00072,2.76709,0.0742473,2.68342,2.85142,7.93381,0.0742473,7.85014,8.01814,
4.3,9,6,7,6,6,6,0,0,0,0,0,0,0,0,0,0,0,0,4.166,0,4.166,4.166,5.00116,0,5.00116,5.00116,3.00493,0.0742473,2.92126,3.08926,12.1721,0.0742473,12.0884,12.2564,
4.3,4,3,8,6,6,6,0,0,0,0,0,0,0,0,0,0,0,0,4.166,0,4.166,4.166,5.00116,0,5.00116,5.00116,3.00493,0.0742473,2.92126,3.08926,12.1721,0.0742473,12.0884,12.2564,
4.3,6,4,8,6,6,6,0,0,0,0,0,0,0,0,0,0,0,0,4.166,0,4.166,4.166,5.00116,0,5.00116,5.00116,2.99719,0.0637345,2.92312,3.07326,12.1644,0.0637345,12.0903,12.2404,
4.3,7,5,8,6,6,6,0,0,0,0,0,0,0,0,0,0,0,0,4.166,0,4.166,4.166,5.00116,0,5.00116,5.00116,3.00493,0.0742473,2.92126,3.08926,12.1721,0.0742473,12.0884,12.2564,
4.3,10,2,2,6,6,6,0,0,0,0,0,0,0,0,0,0,0,0,4.166,0,4.166,4.166,0,0,0,0,2.81247,0.0742473,2.72814,2.89614,6.97847,0.0742473,6.89414,7.06214,
4.3,3,3,3,6,6,6,0,0,0,0,0,0,0,0,0,0,0,0,4.166,0,4.166,4.166,0,0,0,0,2.79514,0.0751399,2.71014,2.88014,6.96114,0.0751399,6.87614,7.04614,
4.3,5,4,4,6,6,6,0,0,0,0,0,0,0,0,0,0,0,0,4.166,0,4.166,4.166,0,0,0,0,2.81514,0.0751399,2.73014,2.90014,6.98114,0.0751399,6.89614,7.06614,
4.3,8,5,5,6,6,6,0,0,0,0,0,0,0,0,0,0,0,0,4.166,0,4.166,4.166,0,0,0,0,2.79181,0.0742473,2.70814,2.87614,6.95781,0.0742473,6.87414,7.04214,
4.3,1,2,6,6,6,6,0,0,0,0,0,0,0,0,0,0,0,0,4.166,0,4.166,4.166,1.00072,0,1.00072,1.00072,2.77109,0.0742473,2.68742,2.85542,7.93781,0.0742473,7.85414,8.02214,
