Time,ueId,assoCell,compCell,reqCount,taskCount,succCount,upWlMea,upWlStd,upWlMin,upWlMax,upWdMea,upWdStd,upWdMin,upWdMax,queMea,queStd,queMin,queMax,compMea, compStd, compMin, compMax,dnWdMea, dnWdStd, dnWdMin, dnWdMax,dnWlMea,dnWlStd, dnWlMin, dnWlMax,e2eMea,e2eStd,e2eMin,e2eMax
1.1,11,4,2,6,6,6,0,0,0,0,0,0,0,0,0,0,0,0,4.166,0,4.166,4.166,1.00072,0,1.00072,1.00072,4.0409,0.568649,3.68342,5.15828,9.20762,0.568649,8.85014,10.325,
1.1,17,6,3,6,5,5,0,0,0,0,0,0,0,0,0,0,0,0,4.166,0,4.166,4.166,1.00072,0,1.00072,1.00072,3.17628,0.249217,2.93342,3.51542,8.343,0.249217,8.10014,8.68214,
1.1,9,4,4,6,5,5,0,0,0,0,0,0,0,0,0,0,0,0,4.166,0,4.166,4.166,0,0,0,0,4.78414,0.437767,4.43414,5.51614,8.95014,0.437767,8.60014,9.68214,
1.1,15,5,5,5,5,5,0,0,0,0,0,0,0,0,0,0,0,0,4.166,0,4.166,4.166,0,0,0,0,3.13414,0.224477,2.93414,3.51614,7.30014,0.224477,7.10014,7.68214,
1.1,10,4,6,6,5,5,0,0,0,0,0,0,0,0,0,0,0,0,4.166,0,4.166,4.166,1.00072,0,1.00072,1.00072,3.18342,0.332626,2.93342,3.76542,8.35014,0.332626,8.10014,8.93214,
1.2,11,4,2,6,6,6,0,0,0,0,0,0,0,0,0,0,0,0,4.166,0,4.166,4.166,1.00072,0,1.00072,1.00072,4.08656,0.175993,3.93742,4.41228,9.25328,0.175993,9.10414,9.579,
1.2,17,6,3,6,6,6,0,0,0,0,0,0,0,0,0,0,0,0,4.166,0,4.166,4.166,1.00072,0,1.00072,1.00072,3.02042,0.0751399,2.93542,3.10542,8.18714,0.0751399,8.10214,8.27214,
1.2,9,4,4,6,6,6,0,0,0,0,0,0,0,0,0,0,0,0,4.166,0,4.166,4.166,0,0,0,0,4.37233,0.21668,4.15243,4.77014,8.53833,0.21668,8.31843,8.93614,
1.2,15,5,5,6,6,6,0,0,0,0,0,0,0,0,0,0,0,0,4.166,0,4.166,4.166,0,0,0,0,3.02114,0.0751399,2.93614,3.10614,7.18714,0.0751399,7.10214,7.27214,
1.2,10,4,6,6,6,6,0,0,0,0,0,0,0,0,0,0,0,0,4.166,0,4.166,4.166,1.00072,0,1.00072,1.00072,3.31209,0.0869636,3.18742,3.43542,8.47881,0.0869636,8.35414,8.60214,
1.3,11,4,2,6,6,6,0,0,0,0,0,0,0,0,0,0,0,0,4.166,0,4.166,4.166,1.00072,0,1.00072,1.00072,4.25723,0.403677,3.94342,5.00028,9.42395,0.403677,9.11014,10.167,
1.3,17,6,3,6,6,6,0,0,0,0,0,0,0,0,0,0,0,0,4.166,0,4.166,4.166,1.00072,0,1.00072,1.00072,3.02442,0.0751399,2.93942,3.10942,8.19114,0.0751399,8.10614,8.27614,
1.3,9,4,4,6,6,6,0,0,0,0,0,0,0,0,0,0,0,0,4.166,0,4.166,4.166,0,0,0,0,4.42395,0.3485,4.15443,5.10814,8.58995,0.3485,8.32043,9.27414,
1.3,15,5,5,6,6,6,0,0,0,0,0,0,0,0,0,0,0,0,4.166,0,4.166,4.166,0,0,0,0,3.02514,0.0751399,2.94014,3.11014,7.19114,0.0751399,7.10614,7.27614,
1.3,10,4,6,6,6,6,0,0,0,0,0,0,0,0,0,0,0,0,4.166,0,4.166,4.166,1.00072,0,1.00072,1.00072,3.02442,0.0751399,2.93942,3.10942,8.19114,0.0751399,8.10614,8.27614,
1.4,11,4,2,6,6,6,0,0,0,0,0,0,0,0,0,0,0,0,4.166,0,4.166,4.166,1.00072,0,1.00072,1.00072,4.28504,0.410708,3.94542,4.92228,9.45176,0.410708,9.11214,10.089,
1.4,17,6,3,6,6,6,0,0,0,0,0,0,0,0,0,0,0,0,4.166,0,4.166,4.166,1.00072,0,1.00072,1.00072,3.02842,0.0751399,2.94342,3.11342,8.19514,0.0751399,8.11014,8.28014,
1.4,9,4,4,6,6,6,0,0,0,0,0,0,0,0,0,0,0,0,4.166,0,4.166,4.166,0,0,0,0,4.42795,0.284647,4.15843,4.78014,8.59395,0.284647,8.32443,8.94614,
1.4,15,5,5,6,6,6,0,0,0,0,0,0,0,0,0,0,0,0,4.166,0,4.166,4.166,0,0,0,0,3.27914,0.445024,2.94414,4.03014,7.44514,0.445024,7.11014,8.19614,
1.4,10,4,6,6,6,6,0,0,0,0,0,0,0,0,0,0,0,0,4.166,0,4.166,4.166,1.00072,0,1.00072,1.00072,3.48675,0.352934,3.19542,4.11342,8.65347,0.352934,8.36214,9.28014,
1.5,11,4,2,6,6,6,0,0,0,0,0,0,0,0,0,0,0,0,4.166,0,4.166,4.166,1.00072,0,1.00072,1.00072,4.18785,0.281623,4.03142,4.75828,9.35457,0.281623,9.19814,9.925,
1.5,9,4,4,6,6,6,0,0,0,0,0,0,0,0,0,0,0,0,4.166,0,4.166,4.166,0,0,0,0,4.426,0.351819,4.16243,5.11614,8.592,0.351819,8.32843,9.28214,
1.5,15,5,5,6,6,6,0,0,0,0,0,0,0,0,0,0,0,0,4.166,0,4.166,4.166,0,0,0,0,3.03314,0.0751399,2.94814,3.11814,7.19914,0.0751399,7.11414,7.28414,
1.5,10,4,6,6,6,6,0,0,0,0,0,0,0,0,0,0,0,0,4.166,0,4.166,4.166,1.00072,0,1.00072,1.00072,3.32409,0.127132,3.19742,3.53342,8.49081,0.127132,8.36414,8.70014,
1.6,3,5,7,6,5,5,0,0,0,0,0,0,0,0,0,0,0,0,4.166,0,4.166,4.166,5.00116,0,5.00116,5.00116,4.85084,0.341455,4.51698,5.27955,14.018,0.341455,13.6841,14.4467,
1.6,19,2,8,6,5,1,0,0,0,0,0,0,0,0,0,0,0,0,4.166,0,4.166,4.166,5.00389,0.00229824,5.00221,5.00641,9.52668,2.24068,7.01593,11.9277,18.6966,2.24289,16.1841,21.1001,
1.6,11,4,2,6,6,6,0,0,0,0,0,0,0,0,0,0,0,0,4.166,0,4.166,4.166,1.00072,0,1.00072,1.00072,3.98352,0.153249,3.78542,4.18028,9.15024,0.153249,8.95214,9.347,
1.6,6,3,3,6,5,5,0,0,0,0,0,0,0,0,0,0,0,0,4.166,0,4.166,4.166,0,0,0,0,5.88414,0.394512,5.51614,6.35214,10.0501,0.394512,9.68214,10.5181,
1.6,9,4,4,6,6,6,0,0,0,0,0,0,0,0,0,0,0,0,4.166,0,4.166,4.166,0,0,0,0,4.3169,0.175277,4.03614,4.53814,8.4829,0.175277,8.20214,8.70414,
1.6,8,3,5,6,5,5,0,0,0,0,0,0,0,0,0,0,0,0,8.333,0,8.333,8.333,1.00072,0,1.00072,1.00072,2.86642,0.278191,2.68242,3.34842,12.2001,0.278191,12.0161,12.6821,
1.6,14,5,5,6,5,5,0,0,0,0,0,0,0,0,0,0,0,0,8.333,0,8.333,8.333,0,0,0,0,5.01714,0.72068,4.494,6.20628,13.3501,0.72068,12.827,14.5393,
1.6,15,5,5,6,6,6,0,0,0,0,0,0,0,0,0,0,0,0,7.6385,1.70117,4.166,8.333,0,0,0,0,3.26702,0.332562,2.95214,3.62114,10.9055,1.87868,7.11814,11.9541,
1.6,10,4,6,6,6,6,0,0,0,0,0,0,0,0,0,0,0,0,4.166,0,4.166,4.166,1.00072,0,1.00072,1.00072,2.95309,0.283042,2.70342,3.45142,8.11981,0.283042,7.87014,8.61814,
1.7,3,5,7,6,6,6,0,0,0,0,0,0,0,0,0,0,0,0,4.166,0,4.166,4.166,5.00116,0,5.00116,5.00116,4.65093,0.105029,4.51898,4.74784,13.8181,0.105029,13.6861,13.915,
1.7,19,2,8,6,0,0,0,0,0,0,0,0,0,0,0,0,0,0,0,0,0,0,0,0,0,0,0,0,0,0,0,0,0,0,
1.7,11,4,2,6,6,6,0,0,0,0,0,0,0,0,0,0,0,0,4.166,0,4.166,4.166,1.00072,0,1.00072,1.00072,4.08871,0.143104,3.95742,4.26828,9.25543,0.143104,9.12414,9.435,
1.7,6,3,3,6,6,6,0,0,0,0,0,0,0,0,0,0,0,0,4.166,0,4.166,4.166,0,0,0,0,3.64614,0.202228,3.35614,3.85414,7.81214,0.202228,7.52214,8.02014,
1.7,9,4,4,6,6,6,0,0,0,0,0,0,0,0,0,0,0,0,4.166,0,4.166,4.166,0,0,0,0,4.67209,0.581647,4.17243,5.58843,8.83809,0.581647,8.33843,9.75443,
1.7,8,3,5,6,6,6,0,0,0,0,0,0,0,0,0,0,0,0,8.333,0,8.333,8.333,1.00072,0,1.00072,1.00072,2.77009,0.0742473,2.68642,2.85442,12.1038,0.0742473,12.0201,12.1881,
1.7,14,5,5,6,6,6,0,0,0,0,0,0,0,0,0,0,0,0,8.333,0,8.333,8.333,0,0,0,0,4.44938,0.038577,4.412,4.498,12.7824,0.038577,12.745,12.831,
1.7,15,5,5,6,6,6,0,0,0,0,0,0,0,0,0,0,0,0,8.333,0,8.333,8.333,0,0,0,0,3.07652,0.158637,2.95714,3.37514,11.4095,0.158637,11.2901,11.7081,
1.7,10,4,6,6,6,6,0,0,0,0,0,0,0,0,0,0,0,0,4.166,0,4.166,4.166,1.00072,0,1.00072,1.00072,3.15947,0.183599,2.95542,3.45742,8.32619,0.183599,8.12214,8.62414,
1.8,3,5,7,6,6,6,0,0,0,0,0,0,0,0,0,0,0,0,4.166,0,4.166,4.166,5.00116,0,5.00116,5.00116,4.77993,0.17943,4.52298,5.02498,13.9471,0.17943,13.6901,14.1921,
1.8,19,2,8,6,9,5,0,0,0,0,0,0,0,0,0,0,0,0,4.166,0,4.166,4.166,5.00221,0,5.00221,5.00221,17.1608,19.7449,3.68993,57.1859,26.329,19.7449,12.8581,66.3541,
1.8,11,4,2,6,6,6,0,0,0,0,0,0,0,0,0,0,0,0,4.166,0,4.166,4.166,1.00072,0,1.00072,1.00072,4.04509,0.0742473,3.96142,4.12942,9.21181,0.0742473,9.12814,9.29614,
1.8,6,3,3,6,6,6,0,0,0,0,0,0,0,0,0,0,0,0,4.166,0,4.166,4.166,0,0,0,0,3.69181,0.267792,3.44214,4.19014,7.85781,0.267792,7.60814,8.35614,
1.8,9,4,4,6,6,6,0,0,0,0,0,0,0,0,0,0,0,0,4.166,0,4.166,4.166,0,0,0,0,4.91419,0.367765,4.17443,5.13014,9.08019,0.367765,8.34043,9.29614,
1.8,8,3,5,6,6,6,0,0,0,0,0,0,0,0,0,0,0,0,8.333,0,8.333,8.333,1.00072,0,1.00072,1.00072,2.77409,0.0742473,2.69042,2.85842,12.1078,0.0742473,12.0241,12.1921,
1.8,14,5,5,6,6,6,0,0,0,0,0,0,0,0,0,0,0,0,8.333,0,8.333,8.333,0,0,0,0,4.77481,0.347888,4.418,5.35914,13.1078,0.347888,12.751,13.6921,
1.8,15,5,5,6,6,6,0,0,0,0,0,0,0,0,0,0,0,0,8.333,0,8.333,8.333,0,0,0,0,3.12814,0.174488,2.96114,3.37914,11.4611,0.174488,11.2941,11.7121,
1.8,10,4,6,6,6,6,0,0,0,0,0,0,0,0,0,0,0,0,4.166,0,4.166,4.166,1.00072,0,1.00072,1.00072,3.46109,0.371904,3.21142,4.20942,8.62781,0.371904,8.37814,9.37614,
1.9,3,5,7,6,6,6,0,0,0,0,0,0,0,0,0,0,0,0,4.166,0,4.166,4.166,5.00116,0,5.00116,5.00116,4.5756,0.143834,4.44298,4.75584,13.7428,0.143834,13.6101,13.923,
1.9,19,2,8,6,6,6,0,0,0,0,0,0,0,0,0,0,0,0,4.166,0,4.166,4.166,5.00221,0,5.00221,5.00221,5.56562,0.745122,4.69393,6.92407,14.7338,0.745122,13.8621,16.0923,
1.9,11,4,2,6,6,6,0,0,0,0,0,0,0,0,0,0,0,0,4.166,0,4.166,4.166,1.00072,0,1.00072,1.00072,4.04909,0.0742473,3.96542,4.13342,9.21581,0.0742473,9.13214,9.30014,
1.9,6,3,3,6,6,6,0,0,0,0,0,0,0,0,0,0,0,0,4.166,0,4.166,4.166,0,0,0,0,3.36247,0.217055,3.19414,3.77814,7.52847,0.217055,7.36014,7.94414,
1.9,9,4,4,6,6,6,0,0,0,0,0,0,0,0,0,0,0,0,4.166,0,4.166,4.166,0,0,0,0,4.40033,0.283108,4.18043,4.96414,8.56633,0.283108,8.34643,9.13014,
1.9,8,3,5,6,6,6,0,0,0,0,0,0,0,0,0,0,0,0,8.333,0,8.333,8.333,1.00072,0,1.00072,1.00072,2.77809,0.0742473,2.69442,2.86242,12.1118,0.0742473,12.0281,12.1961,
1.9,14,5,5,6,6,6,0,0,0,0,0,0,0,0,0,0,0,0,8.333,0,8.333,8.333,0,0,0,0,4.45738,0.038577,4.42,4.506,12.7904,0.038577,12.753,12.839,
1.9,15,5,5,6,6,6,0,0,0,0,0,0,0,0,0,0,0,0,8.333,0,8.333,8.333,0,0,0,0,3.09047,0.155443,2.96514,3.38114,11.4235,0.155443,11.2981,11.7141,
1.9,10,4,6,6,6,6,0,0,0,0,0,0,0,0,0,0,0,0,4.166,0,4.166,4.166,1.00072,0,1.00072,1.00072,3.29842,0.0751399,3.21342,3.38342,8.46514,0.0751399,8.38014,8.55014,
2,3,5,7,6,6,6,0,0,0,0,0,0,0,0,0,0,0,0,4.166,0,4.166,4.166,5.00116,0,5.00116,5.00116,4.61531,0.197769,4.44698,4.86698,13.7825,0.197769,13.6141,14.0341,
2,19,2,8,6,6,6,0,0,0,0,0,0,0,0,0,0,0,0,4.166,0,4.166,4.166,5.00221,0,5.00221,5.00221,6.15593,0.15715,5.94593,6.36593,15.3241,0.15715,15.1141,15.5341,
2,11,4,2,6,6,6,0,0,0,0,0,0,0,0,0,0,0,0,4.166,0,4.166,4.166,1.00072,0,1.00072,1.00072,4.0769,0.163765,3.88542,4.36228,9.24362,0.163765,9.05214,9.529,
2,6,3,3,6,6,6,0,0,0,0,0,0,0,0,0,0,0,0,4.166,0,4.166,4.166,0,0,0,0,3.99147,0.351799,3.53414,4.36614,8.15747,0.351799,7.70014,8.53214,
2,9,4,4,6,6,6,0,0,0,0,0,0,0,0,0,0,0,0,4.166,0,4.166,4.166,0,0,0,0,4.321,0.209484,4.13614,4.72014,8.487,0.209484,8.30214,8.88614,
2,8,3,5,6,6,6,0,0,0,0,0,0,0,0,0,0,0,0,8.333,0,8.333,8.333,1.00072,0,1.00072,1.00072,2.78209,0.0742473,2.69842,2.86642,12.1158,0.0742473,12.0321,12.2001,
2,14,5,5,6,6,6,0,0,0,0,0,0,0,0,0,0,0,0,8.333,0,8.333,8.333,0,0,0,0,4.42566,0.0742473,4.342,4.51,12.7587,0.0742473,12.675,12.843,
2,10,4,6,6,6,6,0,0,0,0,0,0,0,0,0,0,0,0,4.166,0,4.166,4.166,1.00072,0,1.00072,1.00072,4.21909,0.283042,3.96942,4.71742,9.38581,0.283042,9.13614,9.88414,
2.1,1,2,7,6,5,5,0,0,0,0,0,0,0,0,0,0,0,0,4.166,0,4.166,4.166,5.00116,0,5.00116,5.00116,3.33298,0.296884,3.09898,3.76698,12.5001,0.296884,12.2661,12.9341,
2.1,3,5,7,6,6,6,0,0,0,0,0,0,0,0,0,0,0,0,4.166,0,4.166,4.166,5.00116,0,5.00116,5.00116,6.26217,0.676391,4.95098,6.86898,15.4293,0.676391,14.1181,16.0361,
2.1,17,6,7,6,5,5,0,0,0,0,0,0,0,0,0,0,0,0,4.166,0,4.166,4.166,5.00116,0,5.00116,5.00116,3.18298,0.194654,3.01698,3.51498,12.3501,0.194654,12.1841,12.6821,
2.1,16,5,8,6,5,4,0,0,0,0,0,0,0,0,0,0,0,0,4.166,0,4.166,4.166,5.06403,0,5.06403,5.06403,7.11296,0.268997,6.87011,7.53611,16.343,0.268997,16.1001,16.7661,
2.1,20,6,8,6,5,5,0,0,0,0,0,0,0,0,0,0,0,0,4.166,0,4.166,4.166,5.00116,0,5.00116,5.00116,3.18298,0.194654,3.01698,3.51498,12.3501,0.194654,12.1841,12.6821,
2.1,11,4,2,6,6,6,0,0,0,0,0,0,0,0,0,0,0,0,4.166,0,4.166,4.166,1.00072,0,1.00072,1.00072,4.12256,0.175993,3.97342,4.44828,9.28928,0.175993,9.14014,9.615,
2.1,6,3,3,6,6,6,0,0,0,0,0,0,0,0,0,0,0,0,7.6385,1.70117,4.166,8.333,0,0,0,0,3.56464,0.101732,3.45214,3.70514,11.2031,1.75836,7.61814,12.0381,
2.1,13,3,3,6,5,5,0,0,0,0,0,0,0,0,0,0,0,0,8.333,0,8.333,8.333,0,0,0,0,4.86714,0.360403,4.43314,5.35114,13.2001,0.360403,12.7661,13.6841,
2.1,9,4,4,6,6,6,0,0,0,0,0,0,0,0,0,0,0,0,4.166,0,4.166,4.166,0,0,0,0,4.36071,0.230788,4.18643,4.80614,8.52671,0.230788,8.35243,8.97214,
2.1,8,3,5,6,6,6,0,0,0,0,0,0,0,0,0,0,0,0,8.333,0,8.333,8.333,1.00072,0,1.00072,1.00072,2.78609,0.0742473,2.70242,2.87042,12.1198,0.0742473,12.0361,12.2041,
2.1,14,5,5,6,6,6,0,0,0,0,0,0,0,0,0,0,0,0,8.333,0,8.333,8.333,0,0,0,0,6.28978,0.483238,5.428,6.74614,14.6228,0.483238,13.761,15.0791,
2.1,19,5,5,6,5,5,0,0,0,0,0,0,0,0,0,0,0,0,8.333,0,8.333,8.333,0,0,0,0,2.76714,0.083006,2.68314,2.85114,11.1001,0.083006,11.0161,11.1841,
2.1,10,4,6,6,6,6,0,0,0,0,0,0,0,0,0,0,0,0,4.166,0,4.166,4.166,1.00072,0,1.00072,1.00072,3.93142,0.179711,3.64142,4.13942,9.09814,0.179711,8.80814,9.30614,
2.2,1,2,7,6,6,6,0,0,0,0,0,0,0,0,0,0,0,0,4.166,0,4.166,4.166,5.00116,0,5.00116,5.00116,3.47831,0.37465,3.10298,4.01898,12.6455,0.37465,12.2701,13.1861,
2.2,3,5,7,6,5,0,0,0,0,0,0,0,0,0,0,0,0,0,4.166,0,4.166,4.166,5.00116,0,5.00116,5.00116,11.173,3.62779,8.78898,17.541,20.3401,3.62779,17.9561,26.7081,
2.2,17,6,7,6,6,6,0,0,0,0,0,0,0,0,0,0,0,0,4.166,0,4.166,4.166,5.00116,0,5.00116,5.00116,3.22831,0.181556,3.01898,3.52098,12.3955,0.181556,12.1861,12.6881,
2.2,16,5,8,6,6,2,0,0,0,0,0,0,0,0,0,0,0,0,4.166,0,4.166,4.166,5.06403,0,5.06403,5.06403,7.61187,0.519013,6.88468,8.43296,16.8419,0.519013,16.1147,17.663,
2.2,20,6,8,6,6,6,0,0,0,0,0,0,0,0,0,0,0,0,4.166,0,4.166,4.166,5.00116,0,5.00116,5.00116,3.26998,0.349923,3.01898,3.93698,12.4371,0.349923,12.1861,13.1041,
2.2,11,4,2,6,6,6,0,0,0,0,0,0,0,0,0,0,0,0,4.166,0,4.166,4.166,1.00072,0,1.00072,1.00072,4.65037,0.419314,3.97742,5.20228,9.81709,0.419314,9.14414,10.369,
2.2,6,3,3,6,6,6,0,0,0,0,0,0,0,0,0,0,0,0,8.333,0,8.333,8.333,0,0,0,0,4.12414,0.216439,3.95714,4.53914,12.4571,0.216439,12.2901,12.8721,
2.2,13,3,3,6,6,6,0,0,0,0,0,0,0,0,0,0,0,0,8.333,0,8.333,8.333,0,0,0,0,3.89581,0.764044,3.43714,5.43914,12.2288,0.764044,11.7701,13.7721,
2.2,9,4,4,6,6,6,0,0,0,0,0,0,0,0,0,0,0,0,4.166,0,4.166,4.166,0,0,0,0,4.60281,0.43745,3.97614,5.06214,8.76881,0.43745,8.14214,9.22814,
2.2,8,3,5,6,6,6,0,0,0,0,0,0,0,0,0,0,0,0,8.333,0,8.333,8.333,1.00072,0,1.00072,1.00072,2.79009,0.0742473,2.70642,2.87442,12.1238,0.0742473,12.0401,12.2081,
2.2,14,5,5,6,6,6,0,0,0,0,0,0,0,0,0,0,0,0,8.333,0,8.333,8.333,0,0,0,0,6.60033,0.361722,6.23028,7.05371,14.9333,0.361722,14.5633,15.3867,
2.2,19,5,5,6,6,6,0,0,0,0,0,0,0,0,0,0,0,0,8.333,0,8.333,8.333,0,0,0,0,3.10414,0.779003,2.68714,4.68914,11.4371,0.779003,11.0201,13.0221,
2.2,10,4,6,6,6,6,0,0,0,0,0,0,0,0,0,0,0,0,4.166,0,4.166,4.166,1.00072,0,1.00072,1.00072,3.56042,0.0751399,3.47542,3.64542,8.72714,0.0751399,8.64214,8.81214,
2.3,1,2,7,6,6,6,0,0,0,0,0,0,0,0,0,0,0,0,4.166,0,4.166,4.166,5.00116,0,5.00116,5.00116,4.14898,0.156512,3.93898,4.35698,13.3161,0.156512,13.1061,13.5241,
2.3,3,5,7,6,7,6,0,0,0,0,0,0,0,0,0,0,0,0,4.166,0,4.166,4.166,5.00116,0,5.00116,5.00116,7.15759,1.7557,6.21098,11.125,16.3248,1.7557,15.3781,20.2921,
2.3,17,6,7,6,6,6,0,0,0,0,0,0,0,0,0,0,0,0,4.166,0,4.166,4.166,5.00116,0,5.00116,5.00116,3.26505,0.50274,2.92312,4.23926,12.4322,0.50274,12.0903,13.4064,
2.3,16,5,8,6,6,6,0,0,0,0,0,0,0,0,0,0,0,0,4.166,0,4.166,4.166,5.06403,0,5.06403,5.06403,6.98789,0.0980879,6.87811,7.12611,16.2179,0.0980879,16.1081,16.3561,
2.3,20,6,8,6,6,6,0,0,0,0,0,0,0,0,0,0,0,0,4.166,0,4.166,4.166,5.00116,0,5.00116,5.00116,3.0091,0.0729283,2.92312,3.10698,12.1763,0.0729283,12.0903,12.2741,
2.3,11,4,2,6,6,6,0,0,0,0,0,0,0,0,0,0,0,0,4.166,0,4.166,4.166,1.00072,0,1.00072,1.00072,4.25556,0.29303,3.98142,4.70628,9.42228,0.29303,9.14814,9.873,
2.3,6,3,3,6,6,6,0,0,0,0,0,0,0,0,0,0,0,0,8.333,0,8.333,8.333,0,0,0,0,4.08647,0.155443,3.96114,4.37714,12.4195,0.155443,12.2941,12.7101,
2.3,13,3,3,6,6,6,0,0,0,0,0,0,0,0,0,0,0,0,8.333,0,8.333,8.333,0,0,0,0,2.85814,0.117669,2.69114,3.02314,11.1911,0.117669,11.0241,11.3561,
2.3,9,4,4,6,6,6,0,0,0,0,0,0,0,0,0,0,0,0,4.166,0,4.166,4.166,0,0,0,0,5.1455,0.440386,4.46228,5.81414,9.3115,0.440386,8.62828,9.98014,
2.3,8,3,5,6,6,6,0,0,0,0,0,0,0,0,0,0,0,0,8.333,0,8.333,8.333,1.00072,0,1.00072,1.00072,2.79409,0.0742473,2.71042,2.87842,12.1278,0.0742473,12.0441,12.2121,
2.3,14,5,5,6,6,6,0,0,0,0,0,0,0,0,0,0,0,0,8.333,0,8.333,8.333,0,0,0,0,6.34243,0.299089,6.13971,6.89171,14.6754,0.299089,14.4727,15.2247,
2.3,19,5,5,6,6,6,0,0,0,0,0,0,0,0,0,0,0,0,8.333,0,8.333,8.333,0,0,0,0,2.85516,0.209606,2.69114,3.25528,11.1882,0.209606,11.0241,11.5883,
2.3,10,4,6,6,6,6,0,0,0,0,0,0,0,0,0,0,0,0,4.166,0,4.166,4.166,1.00072,0,1.00072,1.00072,3.73109,0.434641,3.23142,4.14942,8.89781,0.434641,8.39814,9.31614,
2.4,1,2,7,6,6,6,0,0,0,0,0,0,0,0,0,0,0,0,4.166,0,4.166,4.166,5.00116,0,5.00116,5.00116,3.06964,0.0869636,2.94498,3.19298,12.2368,0.0869636,12.1121,12.3601,
2.4,3,5,7,6,6,6,0,0,0,0,0,0,0,0,0,0,0,0,4.166,0,4.166,4.166,5.00116,0,5.00116,5.00116,6.42893,0.168264,6.21298,6.55955,15.5961,0.168264,15.3801,15.7267,
2.4,17,6,7,6,6,6,0,0,0,0,0,0,0,0,0,0,0,0,4.166,0,4.166,4.166,5.00116,0,5.00116,5.00116,3.00417,0.0689751,2.90926,3.07726,12.1713,0.0689751,12.0764,12.2444,
2.4,16,5,8,6,6,6,0,0,0,0,0,0,0,0,0,0,0,0,4.166,0,4.166,4.166,5.06403,0,5.06403,5.06403,7.03654,0.158221,6.88011,7.29811,16.2666,0.158221,16.1101,16.5281,
2.4,20,6,8,6,6,6,0,0,0,0,0,0,0,0,0,0,0,0,4.166,0,4.166,4.166,5.00116,0,5.00116,5.00116,3.19464,0.235611,2.94498,3.52898,12.3618,0.235611,12.1121,12.6961,
2.4,11,4,2,6,6,6,0,0,0,0,0,0,0,0,0,0,0,0,4.166,0,4.166,4.166,1.00072,0,1.00072,1.00072,4.11075,0.0869636,3.98742,4.23542,9.27747,0.0869636,9.15414,9.40214,
2.4,6,3,3,6,6,6,0,0,0,0,0,0,0,0,0,0,0,0,8.333,0,8.333,8.333,0,0,0,0,3.09047,0.125549,2.96514,3.29714,11.4235,0.125549,11.2981,11.6301,
2.4,13,3,3,6,6,6,0,0,0,0,0,0,0,0,0,0,0,0,8.333,0,8.333,8.333,0,0,0,0,4.32047,0.156725,4.02714,4.44714,12.6535,0.156725,12.3601,12.7801,
2.4,9,4,4,6,6,6,0,0,0,0,0,0,0,0,0,0,0,0,4.166,0,4.166,4.166,0,0,0,0,4.86081,0.155443,4.57014,4.98614,9.02681,0.155443,8.73614,9.15214,
2.4,8,3,5,6,6,6,0,0,0,0,0,0,0,0,0,0,0,0,8.333,0,8.333,8.333,1.00072,0,1.00072,1.00072,2.79809,0.0742473,2.71442,2.88242,12.1318,0.0742473,12.0481,12.2161,
2.4,14,5,5,6,6,6,0,0,0,0,0,0,0,0,0,0,0,0,8.333,0,8.333,8.333,0,0,0,0,6.27797,0.134991,6.14571,6.46514,14.611,0.134991,14.4787,14.7981,
2.4,19,5,5,6,6,6,0,0,0,0,0,0,0,0,0,0,0,0,8.333,0,8.333,8.333,0,0,0,0,3.76095,0.059242,3.69514,3.82743,12.0939,0.059242,12.0281,12.1604,
2.4,10,4,6,6,6,6,0,0,0,0,0,0,0,0,0,0,0,0,4.166,0,4.166,4.166,1.00072,0,1.00072,1.00072,3.06842,0.0751399,2.98342,3.15342,8.23514,0.0751399,8.15014,8.32014,
2.5,1,2,7,6,6,6,0,0,0,0,0,0,0,0,0,0,0,0,4.166,0,4.166,4.166,5.00116,0,5.00116,5.00116,3.03198,0.0751399,2.94698,3.11698,12.1991,0.0751399,12.1141,12.2841,
2.5,17,6,7,6,6,6,0,0,0,0,0,0,0,0,0,0,0,0,4.166,0,4.166,4.166,5.00116,0,5.00116,5.00116,3.06769,0.134107,2.91126,3.28098,12.2349,0.134107,12.0784,12.4481,
2.5,16,5,8,6,6,6,0,0,0,0,0,0,0,0,0,0,0,0,4.166,0,4.166,4.166,5.01164,0.025667,5.00116,5.06403,5.08102,1.07345,4.44898,7.24125,14.2587,1.09876,13.6161,16.4713,
2.5,20,6,8,6,6,6,0,0,0,0,0,0,0,0,0,0,0,0,4.166,0,4.166,4.166,5.00116,0,5.00116,5.00116,3.07364,0.088106,2.94698,3.19898,12.2408,0.088106,12.1141,12.3661,
2.5,11,4,2,6,6,6,0,0,0,0,0,0,0,0,0,0,0,0,4.166,0,4.166,4.166,1.00072,0,1.00072,1.00072,4.13856,0.135655,3.98942,4.38428,9.30528,0.135655,9.15614,9.551,
2.5,6,3,3,6,6,5,0,0,0,0,0,0,0,0,0,0,0,0,8.333,0,8.333,8.333,0,0,0,0,7.21352,1.17188,5.88714,8.76743,15.5465,1.17188,14.2201,17.1004,
2.5,13,3,3,6,6,0,0,0,0,0,0,0,0,0,0,0,0,0,8.333,0,8.333,8.333,0,0,0,0,15.4019,8.03625,10.092,31.426,23.7349,8.03625,18.425,39.759,
2.5,9,4,4,6,6,6,0,0,0,0,0,0,0,0,0,0,0,0,4.166,0,4.166,4.166,0,0,0,0,4.41838,0.286047,4.20443,4.98814,8.58438,0.286047,8.37043,9.15414,
2.5,8,3,5,6,6,6,0,0,0,0,0,0,0,0,0,0,0,0,8.333,0,8.333,8.333,1.00072,0,1.00072,1.00072,3.01042,0.39711,2.71842,3.63642,12.3441,0.39711,12.0521,12.9701,
2.5,14,5,5,6,6,6,0,0,0,0,0,0,0,0,0,0,0,0,8.333,0,8.333,8.333,0,0,0,0,4.73138,0.702969,4.362,6.15828,13.0644,0.702969,12.695,14.4913,
2.5,19,5,5,6,6,6,0,0,0,0,0,0,0,0,0,0,0,0,8.333,0,8.333,8.333,0,0,0,0,2.90781,0.314265,2.69914,3.53114,11.2408,0.314265,11.0321,11.8641,
2.5,10,4,6,6,6,6,0,0,0,0,0,0,0,0,0,0,0,0,4.166,0,4.166,4.166,1.00072,0,1.00072,1.00072,3.40575,0.174105,3.23942,3.73742,8.57247,0.174105,8.40614,8.90414,
2.6,1,2,7,6,6,6,0,0,0,0,0,0,0,0,0,0,0,0,4.166,0,4.166,4.166,5.00116,0,5.00116,5.00116,3.03598,0.0751399,2.95098,3.12098,12.2031,0.0751399,12.1181,12.2881,
2.6,7,3,7,5,4,4,0,0,0,0,0,0,0,0,0,0,0,0,4.166,0,4.166,4.166,5.00116,0,5.00116,5.00116,4.99812,0.655463,4.51698,5.94355,14.1653,0.655463,13.6841,15.1107,
2.6,12,4,7,5,4,4,0,0,0,0,0,0,0,0,0,0,0,0,4.166,0,4.166,4.166,5.00116,0,5.00116,5.00116,5.51151,0.60403,5.01698,6.37212,14.6787,0.60403,14.1841,15.5393,
2.6,17,6,7,6,6,6,0,0,0,0,0,0,0,0,0,0,0,0,4.166,0,4.166,4.166,5.00116,0,5.00116,5.00116,5.32764,1.50617,2.95098,6.86898,14.4948,1.50617,12.1181,16.0361,
2.6,4,6,8,5,4,4,0,0,0,0,0,0,0,0,0,0,0,0,4.166,0,4.166,4.166,5.00221,0,5.00221,5.00221,5.13993,0.45324,4.76593,5.76393,14.3081,0.45324,13.9341,14.9321,
2.6,16,5,8,6,6,6,0,0,0,0,0,0,0,0,0,0,0,0,4.166,0,4.166,4.166,5.00116,0,5.00116,5.00116,5.2205,0.526086,4.70298,6.08326,14.3877,0.526086,13.8701,15.2504,
2.6,20,6,8,6,6,6,0,0,0,0,0,0,0,0,0,0,0,0,4.166,0,4.166,4.166,5.00116,0,5.00116,5.00116,3.03598,0.0751399,2.95098,3.12098,12.2031,0.0751399,12.1181,12.2881,
2.6,2,2,2,6,5,5,0,0,0,0,0,0,0,0,0,0,0,0,8.333,0,8.333,8.333,0,0,0,0,2.96,0.366404,2.68514,3.59914,11.293,0.366404,11.0181,11.9321,
2.6,11,4,2,6,5,5,0,0,0,0,0,0,0,0,0,0,0,0,7.4996,1.86354,4.166,8.333,1.00072,0,1.00072,1.00072,5.31696,0.748247,4.07542,5.96928,13.8173,2.57282,9.24214,15.303,
2.6,5,3,3,6,5,4,0,0,0,0,0,0,0,0,0,0,0,0,8.333,0,8.333,8.333,0,0,0,0,6.44571,3.30267,3.59914,11.66,14.7787,3.30267,11.9321,19.993,
2.6,6,3,3,6,6,6,0,0,0,0,0,0,0,0,0,0,0,0,8.333,0,8.333,8.333,0,0,0,0,4.05681,1.03996,3.30514,5.89114,12.3898,1.03996,11.6381,14.2241,
2.6,13,3,3,6,6,6,0,0,0,0,0,0,0,0,0,0,0,0,8.333,0,8.333,8.333,0,0,0,0,5.66181,1.33152,4.28514,7.346,13.9948,1.33152,12.6181,15.679,
2.6,9,4,4,6,7,7,0,0,0,0,0,0,0,0,0,0,0,0,4.166,0,4.166,4.166,0,0,0,0,3.73394,0.699213,2.95843,4.54243,7.89994,0.699213,7.12443,8.70843,
2.6,8,3,5,6,6,6,0,0,0,0,0,0,0,0,0,0,0,0,8.333,0,8.333,8.333,1.00072,0,1.00072,1.00072,3.28823,0.355102,2.80442,3.64042,12.6219,0.355102,12.1381,12.9741,
2.6,14,5,5,6,6,6,0,0,0,0,0,0,0,0,0,0,0,0,8.333,0,8.333,8.333,0,0,0,0,4.67586,0.457456,4.366,5.55514,13.0089,0.457456,12.699,13.8881,
2.6,19,5,5,6,6,6,0,0,0,0,0,0,0,0,0,0,0,0,8.333,0,8.333,8.333,0,0,0,0,2.78681,0.0742473,2.70314,2.87114,11.1198,0.0742473,11.0361,11.2041,
2.6,10,4,6,6,6,6,0,0,0,0,0,0,0,0,0,0,0,0,4.166,0,4.166,4.166,1.00072,0,1.00072,1.00072,4.02285,0.578964,3.07542,4.65942,9.18957,0.578964,8.24214,9.82614,
2.7,1,2,7,6,6,6,0,0,0,0,0,0,0,0,0,0,0,0,4.166,0,4.166,4.166,5.00116,0,5.00116,5.00116,3.03998,0.0751399,2.95498,3.12498,12.2071,0.0751399,12.1221,12.2921,
2.7,7,3,7,6,6,6,0,0,0,0,0,0,0,0,0,0,0,0,4.166,0,4.166,4.166,5.00116,0,5.00116,5.00116,5.06693,0.379852,4.57784,5.35298,14.2341,0.379852,13.745,14.5201,
2.7,12,4,7,6,6,6,0,0,0,0,0,0,0,0,0,0,0,0,4.166,0,4.166,4.166,5.00116,0,5.00116,5.00116,5.2455,0.757915,4.27098,6.11355,14.4127,0.757915,13.4381,15.2807,
2.7,17,6,7,6,6,6,0,0,0,0,0,0,0,0,0,0,0,0,4.166,0,4.166,4.166,5.00116,0,5.00116,5.00116,4.62331,0.414141,4.37298,5.45498,13.7905,0.414141,13.5401,14.6221,
2.7,4,6,8,6,6,6,0,0,0,0,0,0,0,0,0,0,0,0,4.166,0,4.166,4.166,5.00221,0,5.00221,5.00221,4.39326,0.396185,4.01793,5.09993,13.5615,0.396185,13.1861,14.2681,
2.7,16,5,8,6,6,6,0,0,0,0,0,0,0,0,0,0,0,0,4.166,0,4.166,4.166,5.00116,0,5.00116,5.00116,6.33164,0.427039,5.95698,6.95498,15.4988,0.427039,15.1241,16.1221,
2.7,20,6,8,6,6,6,0,0,0,0,0,0,0,0,0,0,0,0,4.166,0,4.166,4.166,5.00116,0,5.00116,5.00116,3.02807,0.0846023,2.92126,3.12498,12.1952,0.0846023,12.0884,12.2921,
2.7,2,2,2,6,6,6,0,0,0,0,0,0,0,0,0,0,0,0,8.333,0,8.333,8.333,0,0,0,0,2.77081,0.0742473,2.68714,2.85514,11.1038,0.0742473,11.0201,11.1881,
2.7,11,4,2,6,6,6,0,0,0,0,0,0,0,0,0,0,0,0,8.333,0,8.333,8.333,1.00072,0,1.00072,1.00072,6.58009,0.58199,5.74842,7.16442,15.9138,0.58199,15.0821,16.4981,
2.7,5,3,3,6,6,6,0,0,0,0,0,0,0,0,0,0,0,0,8.333,0,8.333,8.333,0,0,0,0,5.52081,0.58199,4.93914,6.35514,13.8538,0.58199,13.2721,14.6881,
2.7,6,3,3,6,6,6,0,0,0,0,0,0,0,0,0,0,0,0,8.333,0,8.333,8.333,0,0,0,0,5.55485,0.686882,4.39314,6.22914,13.8879,0.686882,12.7261,14.5621,
2.7,13,3,3,6,6,1,0,0,0,0,0,0,0,0,0,0,0,0,8.333,0,8.333,8.333,0,0,0,0,9.33545,1.2643,7.30171,10.352,17.6685,1.2643,15.6347,18.685,
2.7,9,4,4,6,6,6,0,0,0,0,0,0,0,0,0,0,0,0,4.166,0,4.166,4.166,0,0,0,0,3.08181,0.0742473,2.99814,3.16614,7.24781,0.0742473,7.16414,7.33214,
2.7,8,3,5,6,6,6,0,0,0,0,0,0,0,0,0,0,0,0,8.333,0,8.333,8.333,1.00072,0,1.00072,1.00072,3.60175,0.156085,3.47642,3.89442,12.9355,0.156085,12.8101,13.2281,
2.7,14,5,5,6,6,6,0,0,0,0,0,0,0,0,0,0,0,0,8.333,0,8.333,8.333,0,0,0,0,4.63819,0.45724,4.37,5.55914,12.9712,0.45724,12.703,13.8921,
2.7,19,5,5,6,6,6,0,0,0,0,0,0,0,0,0,0,0,0,8.333,0,8.333,8.333,0,0,0,0,3.60033,0.46113,3.04114,4.10728,11.9333,0.46113,11.3741,12.4403,
2.7,10,4,6,6,6,6,0,0,0,0,0,0,0,0,0,0,0,0,4.166,0,4.166,4.166,1.00072,0,1.00072,1.00072,5.36911,0.470265,4.66542,5.83142,10.5358,0.470265,9.83214,10.9981,
2.8,1,2,7,6,6,6,0,0,0,0,0,0,0,0,0,0,0,0,4.166,0,4.166,4.166,5.00116,0,5.00116,5.00116,3.08564,0.088106,2.95898,3.21098,12.2528,0.088106,12.1261,12.3781,
2.8,7,3,7,6,6,6,0,0,0,0,0,0,0,0,0,0,0,0,4.166,0,4.166,4.166,5.00116,0,5.00116,5.00116,4.57093,0.0378291,4.52298,4.60698,13.7381,0.0378291,13.6901,13.7741,
2.8,12,4,7,6,6,6,0,0,0,0,0,0,0,0,0,0,0,0,4.166,0,4.166,4.166,5.00116,0,5.00116,5.00116,5.67807,0.460539,5.18898,6.28355,14.8452,0.460539,14.3561,15.4507,
2.8,17,6,7,6,6,6,0,0,0,0,0,0,0,0,0,0,0,0,4.166,0,4.166,4.166,5.00116,0,5.00116,5.00116,4.66898,0.363725,4.37698,5.20898,13.8361,0.363725,13.5441,14.3761,
2.8,4,6,8,6,6,6,0,0,0,0,0,0,0,0,0,0,0,0,4.166,0,4.166,4.166,5.00221,0,5.00221,5.00221,4.27226,0.25281,4.02193,4.68993,13.4405,0.25281,13.1901,13.8581,
2.8,16,5,8,6,6,6,0,0,0,0,0,0,0,0,0,0,0,0,4.166,0,4.166,4.166,5.00116,0,5.00116,5.00116,4.96064,0.174679,4.71098,5.12898,14.1278,0.174679,13.8781,14.2961,
2.8,20,6,8,6,6,6,0,0,0,0,0,0,0,0,0,0,0,0,4.166,0,4.166,4.166,5.00116,0,5.00116,5.00116,3.01422,0.0681491,2.92526,3.09326,12.1814,0.0681491,12.0924,12.2604,
2.8,2,2,2,6,6,6,0,0,0,0,0,0,0,0,0,0,0,0,8.333,0,8.333,8.333,0,0,0,0,3.48314,0.27294,3.10914,3.77514,11.8161,0.27294,11.4421,12.1081,
2.8,11,4,2,6,6,5,0,0,0,0,0,0,0,0,0,0,0,0,8.333,0,8.333,8.333,1.00072,0,1.00072,1.00072,7.03052,0.299332,6.56128,7.47528,16.3642,0.299332,15.895,16.809,
2.8,5,3,3,6,6,6,0,0,0,0,0,0,0,0,0,0,0,0,8.333,0,8.333,8.333,0,0,0,0,3.10814,0.116816,2.94314,3.27314,11.4411,0.116816,11.2761,11.6061,
2.8,6,3,3,6,6,6,0,0,0,0,0,0,0,0,0,0,0,0,8.333,0,8.333,8.333,0,0,0,0,3.56481,0.0742473,3.48114,3.64914,11.8978,0.0742473,11.8141,11.9821,
2.8,13,3,3,6,6,6,0,0,0,0,0,0,0,0,0,0,0,0,8.333,0,8.333,8.333,0,0,0,0,3.83052,0.114118,3.71114,4.00743,12.1635,0.114118,12.0441,12.3404,
2.8,9,4,4,6,6,6,0,0,0,0,0,0,0,0,0,0,0,0,4.166,0,4.166,4.166,0,0,0,0,3.12747,0.088106,3.00214,3.25414,7.29347,0.088106,7.16814,7.42014,
2.8,8,3,5,6,6,6,0,0,0,0,0,0,0,0,0,0,0,0,8.333,0,8.333,8.333,1.00072,0,1.00072,1.00072,3.64742,0.197094,3.48042,3.89842,12.9811,0.197094,12.8141,13.2321,
2.8,14,5,5,6,6,6,0,0,0,0,0,0,0,0,0,0,0,0,8.333,0,8.333,8.333,0,0,0,0,4.58266,0.155443,4.376,4.79,12.9157,0.155443,12.709,13.123,
2.8,19,5,5,6,6,6,0,0,0,0,0,0,0,0,0,0,0,0,8.333,0,8.333,8.333,0,0,0,0,4.12814,0.384247,3.79314,4.87914,12.4611,0.384247,12.1261,13.2121,
2.8,10,4,6,6,6,6,0,0,0,0,0,0,0,0,0,0,0,0,4.166,0,4.166,4.166,1.00072,0,1.00072,1.00072,5.42073,0.262527,4.97828,5.73156,10.5874,0.262527,10.145,10.8983,
2.9,1,2,7,6,6,6,0,0,0,0,0,0,0,0,0,0,0,0,4.166,0,4.166,4.166,5.00116,0,5.00116,5.00116,3.92,0.0827596,3.79698,4.03112,13.0872,0.0827596,12.9641,13.1983,
2.9,7,3,7,6,6,6,0,0,0,0,0,0,0,0,0,0,0,0,4.166,0,4.166,4.166,5.00116,0,5.00116,5.00116,4.57493,0.0378291,4.52698,4.61098,13.7421,0.0378291,13.6941,13.7781,
2.9,12,4,7,6,6,6,0,0,0,0,0,0,0,0,0,0,0,0,4.166,0,4.166,4.166,5.00116,0,5.00116,5.00116,4.80112,0.667268,3.94498,5.78755,13.9683,0.667268,13.1121,14.9547,
2.9,17,6,7,6,6,6,0,0,0,0,0,0,0,0,0,0,0,0,4.166,0,4.166,4.166,5.00116,0,5.00116,5.00116,4.46464,0.0742473,4.38098,4.54898,13.6318,0.0742473,13.5481,13.7161,
2.9,4,6,8,6,6,6,0,0,0,0,0,0,0,0,0,0,0,0,4.166,0,4.166,4.166,5.00221,0,5.00221,5.00221,4.19293,0.148479,4.02593,4.35993,13.3611,0.148479,13.1941,13.5281,
2.9,16,5,8,6,6,6,0,0,0,0,0,0,0,0,0,0,0,0,4.166,0,4.166,4.166,5.00116,0,5.00116,5.00116,4.73845,0.23032,4.46298,5.04698,13.9056,0.23032,13.6301,14.2141,
2.9,20,6,8,6,6,6,0,0,0,0,0,0,0,0,0,0,0,0,4.166,0,4.166,4.166,5.00116,0,5.00116,5.00116,3.79798,0.311522,3.46498,4.29698,12.9651,0.311522,12.6321,13.4641,
2.9,2,2,2,6,5,5,0,0,0,0,0,0,0,0,0,0,0,0,8.333,0,8.333,8.333,0,0,0,0,3.04197,0.121527,2.86314,3.19714,11.375,0.121527,11.1961,11.5301,
2.9,11,4,2,6,6,6,0,0,0,0,0,0,0,0,0,0,0,0,8.333,0,8.333,8.333,1.00072,0,1.00072,1.00072,6.15356,0.771567,4.92042,7.00442,15.4873,0.771567,14.2541,16.3381,
2.9,5,3,3,6,6,6,0,0,0,0,0,0,0,0,0,0,0,0,8.333,0,8.333,8.333,0,0,0,0,3.07047,0.155443,2.94514,3.36114,11.4035,0.155443,11.2781,11.6941,
2.9,6,3,3,6,6,6,0,0,0,0,0,0,0,0,0,0,0,0,8.333,0,8.333,8.333,0,0,0,0,3.31881,0.0742473,3.23514,3.40314,11.6518,0.0742473,11.5681,11.7361,
2.9,13,3,3,6,6,6,0,0,0,0,0,0,0,0,0,0,0,0,8.333,0,8.333,8.333,0,0,0,0,3.79881,0.0742473,3.71514,3.88314,12.1318,0.0742473,12.0481,12.2161,
2.9,9,4,4,6,6,6,0,0,0,0,0,0,0,0,0,0,0,0,4.166,0,4.166,4.166,0,0,0,0,3.08981,0.0742473,3.00614,3.17414,7.25581,0.0742473,7.17214,7.34014,
2.9,8,3,5,6,6,6,0,0,0,0,0,0,0,0,0,0,0,0,8.333,0,8.333,8.333,1.00072,0,1.00072,1.00072,3.65142,0.197094,3.48442,3.90242,12.9851,0.197094,12.8181,13.2361,
2.9,14,5,5,6,6,6,0,0,0,0,0,0,0,0,0,0,0,0,8.333,0,8.333,8.333,0,0,0,0,4.65809,0.383107,4.378,5.36543,12.9911,0.383107,12.711,13.6984,
2.9,19,5,5,6,6,6,0,0,0,0,0,0,0,0,0,0,0,0,8.333,0,8.333,8.333,0,0,0,0,3.25714,0.539718,2.71514,3.96714,11.5901,0.539718,11.0481,12.3001,
2.9,10,4,6,6,6,6,0,0,0,0,0,0,0,0,0,0,0,0,4.166,0,4.166,4.166,1.00072,0,1.00072,1.00072,4.87711,0.927804,4.08942,6.65356,10.0438,0.927804,9.25614,11.8203,
3,1,2,7,6,6,6,0,0,0,0,0,0,0,0,0,0,0,0,4.166,0,4.166,4.166,5.00116,0,5.00116,5.00116,3.17698,0.271838,2.96898,3.71698,12.3441,0.271838,12.1361,12.8841,
3,7,3,7,6,6,6,0,0,0,0,0,0,0,0,0,0,0,0,4.166,0,4.166,4.166,5.00116,0,5.00116,5.00116,5.1206,0.427913,4.58984,5.61298,14.2878,0.427913,13.757,14.7801,
3,12,4,7,6,6,6,0,0,0,0,0,0,0,0,0,0,0,0,4.166,0,4.166,4.166,5.00116,0,5.00116,5.00116,5.22774,0.534392,4.36298,5.86498,14.3949,0.534392,13.5301,15.0321,
3,17,6,7,6,6,6,0,0,0,0,0,0,0,0,0,0,0,0,4.166,0,4.166,4.166,5.00116,0,5.00116,5.00116,4.44781,0.111896,4.30298,4.60984,13.615,0.111896,13.4701,13.777,
3,4,6,8,6,6,6,0,0,0,0,0,0,0,0,0,0,0,0,4.166,0,4.166,4.166,5.00221,0,5.00221,5.00221,4.15526,0.179896,3.94793,4.36393,13.3235,0.179896,13.1161,13.5321,
3,16,5,8,6,6,5,0,0,0,0,0,0,0,0,0,0,0,0,4.166,0,4.166,4.166,5.00116,0,5.00116,5.00116,5.26031,3.16663,3.80098,11.717,14.4275,3.16663,12.9681,20.8841,
3,20,6,8,6,6,6,0,0,0,0,0,0,0,0,0,0,0,0,4.166,0,4.166,4.166,5.00116,0,5.00116,5.00116,3.05198,0.0751399,2.96698,3.13698,12.2191,0.0751399,12.1341,12.3041,
3,2,2,2,6,6,6,0,0,0,0,0,0,0,0,0,0,0,0,8.333,0,8.333,8.333,0,0,0,0,2.78281,0.0742473,2.69914,2.86714,11.1158,0.0742473,11.0321,11.2001,
3,11,4,2,6,6,6,0,0,0,0,0,0,0,0,0,0,0,0,8.333,0,8.333,8.333,1.00072,0,1.00072,1.00072,6.53852,0.60019,5.48328,7.09242,15.8722,0.60019,14.817,16.4261,
3,5,3,3,6,6,6,0,0,0,0,0,0,0,0,0,0,0,0,8.333,0,8.333,8.333,0,0,0,0,4.62805,0.744528,3.61714,5.592,12.961,0.744528,11.9501,13.925,
3,6,3,3,6,6,6,0,0,0,0,0,0,0,0,0,0,0,0,8.333,0,8.333,8.333,0,0,0,0,6.07281,0.488787,5.40514,6.65714,14.4058,0.488787,13.7381,14.9901,
3,13,3,3,6,6,6,0,0,0,0,0,0,0,0,0,0,0,0,8.333,0,8.333,8.333,0,0,0,0,6.33257,0.95806,5.13514,7.39771,14.6656,0.95806,13.4681,15.7307,
3,9,4,4,6,6,6,0,0,0,0,0,0,0,0,0,0,0,0,4.166,0,4.166,4.166,0,0,0,0,3.09381,0.0742473,3.01014,3.17814,7.25981,0.0742473,7.17614,7.34414,
3,8,3,5,6,6,6,0,0,0,0,0,0,0,0,0,0,0,0,8.333,0,8.333,8.333,1.00072,0,1.00072,1.00072,3.65542,0.197094,3.48842,3.90642,12.9891,0.197094,12.8221,13.2401,
3,19,5,5,6,6,6,0,0,0,0,0,0,0,0,0,0,0,0,8.333,0,8.333,8.333,0,0,0,0,2.84447,0.125549,2.71914,3.05114,11.1775,0.125549,11.0521,11.3841,
3,10,4,6,6,6,6,0,0,0,0,0,0,0,0,0,0,0,0,4.166,0,4.166,4.166,1.00072,0,1.00072,1.00072,4.79182,0.381931,4.22171,5.32556,9.95854,0.381931,9.38843,10.4923,
3.1,1,2,7,6,6,6,0,0,0,0,0,0,0,0,0,0,0,0,4.166,0,4.166,4.166,5.00116,0,5.00116,5.00116,3.96669,0.548771,3.22298,4.55498,13.1339,0.548771,12.3901,13.7221,
3.1,7,3,7,6,6,6,0,0,0,0,0,0,0,0,0,0,0,0,4.166,0,4.166,4.166,5.00116,0,5.00116,5.00116,5.04126,0.334643,4.59384,5.45298,14.2084,0.334643,13.761,14.6201,
3.1,12,4,7,6,6,6,0,0,0,0,0,0,0,0,0,0,0,0,4.166,0,4.166,4.166,5.00116,0,5.00116,5.00116,4.20198,0.716133,3.70098,5.61698,13.3691,0.716133,12.8681,14.7841,
3.1,17,6,7,6,6,6,0,0,0,0,0,0,0,0,0,0,0,0,4.166,0,4.166,4.166,5.00116,0,5.00116,5.00116,4.38931,0.0742473,4.30498,4.47298,13.5565,0.0742473,13.4721,13.6401,
3.1,4,6,8,6,6,6,0,0,0,0,0,0,0,0,0,0,0,0,4.166,0,4.166,4.166,5.00221,0,5.00221,5.00221,4.1176,0.196755,3.94993,4.36793,13.2858,0.196755,13.1181,13.5361,
3.1,16,5,8,6,6,6,0,0,0,0,0,0,0,0,0,0,0,0,4.166,0,4.166,4.166,5.00116,0,5.00116,5.00116,3.21074,0.220487,3.05498,3.63898,12.3779,0.220487,12.2221,12.8061,
3.1,18,6,8,5,5,5,0,0,0,0,0,0,0,0,0,0,0,0,4.166,0,4.166,4.166,5.00116,0,5.00116,5.00116,3.23298,0.442595,2.93298,4.01498,12.4001,0.442595,12.1001,13.1821,
3.1,20,6,8,6,6,6,0,0,0,0,0,0,0,0,0,0,0,0,4.166,0,4.166,4.166,5.00116,0,5.00116,5.00116,3.22264,0.482568,2.93726,4.19784,12.3898,0.482568,12.1044,13.365,
3.1,2,2,2,6,6,6,0,0,0,0,0,0,0,0,0,0,0,0,8.333,0,8.333,8.333,0,0,0,0,3.02788,0.323394,2.70314,3.45514,11.3609,0.323394,11.0361,11.7881,
3.1,3,5,2,6,5,5,0,0,0,0,0,0,0,0,0,0,0,0,8.333,0,8.333,8.333,1.00072,0,1.00072,1.00072,5.05213,0.579481,4.26642,5.74328,14.3859,0.579481,13.6001,15.077,
3.1,11,4,2,6,6,5,0,0,0,0,0,0,0,0,0,0,0,0,8.333,0,8.333,8.333,1.00072,0,1.00072,1.00072,5.01275,1.1527,4.42842,7.34442,14.3465,1.1527,13.7621,16.6781,
3.1,5,3,3,6,6,6,0,0,0,0,0,0,0,0,0,0,0,0,8.333,0,8.333,8.333,0,0,0,0,7.1499,0.730917,5.762,7.95314,15.4829,0.730917,14.095,16.2861,
3.1,6,3,3,6,6,3,0,0,0,0,0,0,0,0,0,0,0,0,8.333,0,8.333,8.333,0,0,0,0,7.61252,1.70419,4.90914,9.07714,15.9455,1.70419,13.2421,17.4101,
3.1,13,3,3,6,4,1,0,0,0,0,0,0,0,0,0,0,0,0,8.333,0,8.333,8.333,0,0,0,0,12.4285,7.44375,6.032,23.1411,20.7615,7.44375,14.365,31.4741,
3.1,9,4,4,6,6,6,0,0,0,0,0,0,0,0,0,0,0,0,4.166,0,4.166,4.166,0,0,0,0,3.05614,0.0865794,2.93214,3.18014,7.22214,0.0865794,7.09814,7.34614,
3.1,8,3,5,6,6,6,0,0,0,0,0,0,0,0,0,0,0,0,8.333,0,8.333,8.333,1.00072,0,1.00072,1.00072,3.89752,0.333446,3.49242,4.41042,13.2312,0.333446,12.8261,13.7441,
3.1,15,5,5,5,5,5,0,0,0,0,0,0,0,0,0,0,0,0,8.333,0,8.333,8.333,0,0,0,0,4.91,0.52692,4.26714,5.39943,13.243,0.52692,12.6001,13.7324,
3.1,19,5,5,6,6,6,0,0,0,0,0,0,0,0,0,0,0,0,8.333,0,8.333,8.333,0,0,0,0,2.80681,0.0742473,2.72314,2.89114,11.1398,0.0742473,11.0561,11.2241,
3.1,10,4,6,6,6,6,0,0,0,0,0,0,0,0,0,0,0,0,4.166,0,4.166,4.166,1.00072,0,1.00072,1.00072,4.88809,0.481833,4.42942,5.76142,10.0548,0.481833,9.59614,10.9281,
3.2,1,2,7,6,6,6,0,0,0,0,0,0,0,0,0,0,0,0,4.166,0,4.166,4.166,5.00116,0,5.00116,5.00116,4.33974,0.371301,4.05898,4.89498,13.5069,0.371301,13.2261,14.0621,
3.2,7,3,7,6,6,6,0,0,0,0,0,0,0,0,0,0,0,0,4.166,0,4.166,4.166,5.00116,0,5.00116,5.00116,5.1286,0.427913,4.59784,5.62098,14.2958,0.427913,13.765,14.7881,
3.2,12,4,7,6,6,6,0,0,0,0,0,0,0,0,0,0,0,0,4.166,0,4.166,4.166,5.00116,0,5.00116,5.00116,5.36074,0.693735,4.12098,6.20698,14.5279,0.693735,13.2881,15.3741,
3.2,17,6,7,6,6,6,0,0,0,0,0,0,0,0,0,0,0,0,4.166,0,4.166,4.166,5.00116,0,5.00116,5.00116,4.39331,0.0742473,4.30898,4.47698,13.5605,0.0742473,13.4761,13.6441,
3.2,4,6,8,6,6,6,0,0,0,0,0,0,0,0,0,0,0,0,4.166,0,4.166,4.166,5.00221,0,5.00221,5.00221,4.1216,0.196755,3.95393,4.37193,13.2898,0.196755,13.1221,13.5401,
3.2,16,5,8,6,6,6,0,0,0,0,0,0,0,0,0,0,0,0,4.166,0,4.166,4.166,5.00116,0,5.00116,5.00116,3.04807,0.0598845,2.97498,3.10926,12.2152,0.0598845,12.1421,12.2764,
3.2,18,6,8,6,6,6,0,0,0,0,0,0,0,0,0,0,0,0,4.166,0,4.166,4.166,5.00116,0,5.00116,5.00116,3.10034,0.167322,2.93698,3.41712,12.2675,0.167322,12.1041,12.5843,
3.2,20,6,8,6,6,6,0,0,0,0,0,0,0,0,0,0,0,0,4.166,0,4.166,4.166,5.00116,0,5.00116,5.00116,3.02426,0.0751399,2.93926,3.10926,12.1914,0.0751399,12.1064,12.2764,
3.2,2,2,2,6,6,6,0,0,0,0,0,0,0,0,0,0,0,0,8.333,0,8.333,8.333,0,0,0,0,3.08247,0.240339,2.87314,3.45914,11.4155,0.240339,11.2061,11.7921,
3.2,3,5,2,6,6,6,0,0,0,0,0,0,0,0,0,0,0,0,8.333,0,8.333,8.333,1.00072,0,1.00072,1.00072,3.85342,0.0751399,3.76842,3.93842,13.1871,0.0751399,13.1021,13.2721,
3.2,11,4,2,6,6,2,0,0,0,0,0,0,0,0,0,0,0,0,8.333,0,8.333,8.333,1.00072,0,1.00072,1.00072,7.04056,0.61196,5.84842,7.43442,16.3743,0.61196,15.1821,16.7681,
3.2,5,3,3,6,6,6,0,0,0,0,0,0,0,0,0,0,0,0,8.333,0,8.333,8.333,0,0,0,0,5.2164,0.851294,4.62314,6.61986,13.5494,0.851294,12.9561,14.9529,
3.2,6,3,3,6,6,6,0,0,0,0,0,0,0,0,0,0,0,0,8.333,0,8.333,8.333,0,0,0,0,4.62247,0.651738,4.16314,5.74914,12.9555,0.651738,12.4961,14.0821,
3.2,13,3,3,6,7,6,0,0,0,0,0,0,0,0,0,0,0,0,8.333,0,8.333,8.333,0,0,0,0,8.32408,4.56791,5.286,18.3323,16.6571,4.56791,13.619,26.6653,
3.2,9,4,4,6,6,6,0,0,0,0,0,0,0,0,0,0,0,0,4.166,0,4.166,4.166,0,0,0,0,2.88752,0.267251,2.68414,3.35214,7.05352,0.267251,6.85014,7.51814,
3.2,8,3,5,6,6,6,0,0,0,0,0,0,0,0,0,0,0,0,8.333,0,8.333,8.333,1.00072,0,1.00072,1.00072,3.66342,0.197094,3.49642,3.91442,12.9971,0.197094,12.8301,13.2481,
3.2,15,5,5,6,6,6,0,0,0,0,0,0,0,0,0,0,0,0,8.333,0,8.333,8.333,0,0,0,0,4.13985,0.0839222,4.02114,4.26914,12.4729,0.0839222,12.3541,12.6021,
3.2,19,5,5,6,6,6,0,0,0,0,0,0,0,0,0,0,0,0,8.333,0,8.333,8.333,0,0,0,0,3.68581,0.314901,3.06114,3.89514,12.0188,0.314901,11.3941,12.2281,
3.2,10,4,6,6,6,6,0,0,0,0,0,0,0,0,0,0,0,0,4.166,0,4.166,4.166,1.00072,0,1.00072,1.00072,5.29982,0.433555,4.51542,5.68542,10.4665,0.433555,9.68214,10.8521,
3.3,1,2,7,6,6,6,0,0,0,0,0,0,0,0,0,0,0,0,4.166,0,4.166,4.166,5.00116,0,5.00116,5.00116,4.01636,0.735076,3.14698,5.19326,13.1835,0.735076,12.3141,14.3604,
3.3,7,3,7,6,6,6,0,0,0,0,0,0,0,0,0,0,0,0,4.166,0,4.166,4.166,5.00116,0,5.00116,5.00116,4.59093,0.0378291,4.54298,4.62698,13.7581,0.0378291,13.7101,13.7941,
3.3,12,4,7,6,6,6,0,0,0,0,0,0,0,0,0,0,0,0,4.166,0,4.166,4.166,5.00116,0,5.00116,5.00116,4.57307,0.608678,4.21098,5.80355,13.7402,0.608678,13.3781,14.9707,
3.3,17,6,7,6,6,6,0,0,0,0,0,0,0,0,0,0,0,0,4.166,0,4.166,4.166,5.00116,0,5.00116,5.00116,4.50148,0.218069,4.29512,4.89898,13.6686,0.218069,13.4623,14.0661,
3.3,4,6,8,6,6,6,0,0,0,0,0,0,0,0,0,0,0,0,4.166,0,4.166,4.166,5.00221,0,5.00221,5.00221,4.1256,0.196755,3.95793,4.37593,13.2938,0.196755,13.1261,13.5441,
3.3,16,5,8,6,6,6,0,0,0,0,0,0,0,0,0,0,0,0,4.166,0,4.166,4.166,5.00116,0,5.00116,5.00116,3.08779,0.0705259,2.98098,3.19326,12.2549,0.0705259,12.1481,12.3604,
3.3,18,6,8,6,6,6,0,0,0,0,0,0,0,0,0,0,0,0,4.166,0,4.166,4.166,5.00116,0,5.00116,5.00116,3.39898,0.507835,2.93898,4.19098,12.5661,0.507835,12.1061,13.3581,
3.3,20,6,8,6,6,6,0,0,0,0,0,0,0,0,0,0,0,0,4.166,0,4.166,4.166,5.00116,0,5.00116,5.00116,3.7366,0.927766,2.94326,5.12384,12.9038,0.927766,12.1104,14.291,
3.3,2,2,2,6,6,6,0,0,0,0,0,0,0,0,0,0,0,0,8.333,0,8.333,8.333,0,0,0,0,3.24124,0.359256,2.87714,3.79314,11.5742,0.359256,11.2101,12.1261,
3.3,3,5,2,6,6,6,0,0,0,0,0,0,0,0,0,0,0,0,8.333,0,8.333,8.333,1.00072,0,1.00072,1.00072,3.98242,0.240616,3.77442,4.44242,13.3161,0.240616,13.1081,13.7761,
3.3,11,4,2,6,6,6,0,0,0,0,0,0,0,0,0,0,0,0,8.333,0,8.333,8.333,1.00072,0,1.00072,1.00072,5.04456,0.777952,4.43842,6.60242,14.3783,0.777952,13.7721,15.9361,
3.3,5,3,3,6,6,6,0,0,0,0,0,0,0,0,0,0,0,0,8.333,0,8.333,8.333,0,0,0,0,3.12814,0.404779,2.71114,3.62914,11.4611,0.404779,11.0441,11.9621,
3.3,6,3,3,6,6,6,0,0,0,0,0,0,0,0,0,0,0,0,8.333,0,8.333,8.333,0,0,0,0,3.58481,0.0742473,3.50114,3.66914,11.9178,0.0742473,11.8341,12.0021,
3.3,13,3,3,6,6,6,0,0,0,0,0,0,0,0,0,0,0,0,8.333,0,8.333,8.333,0,0,0,0,3.85052,0.114118,3.73114,4.02743,12.1835,0.114118,12.0641,12.3604,
3.3,9,4,4,6,6,6,0,0,0,0,0,0,0,0,0,0,0,0,4.166,0,4.166,4.166,0,0,0,0,3.05819,0.142006,2.93814,3.31843,7.22419,0.142006,7.10414,7.48443,
3.3,8,3,5,6,6,6,0,0,0,0,0,0,0,0,0,0,0,0,8.333,0,8.333,8.333,1.00072,0,1.00072,1.00072,3.66742,0.197094,3.50042,3.91842,13.0011,0.197094,12.8341,13.2521,
3.3,15,5,5,6,6,6,0,0,0,0,0,0,0,0,0,0,0,0,8.333,0,8.333,8.333,0,0,0,0,4.17957,0.348126,3.77514,4.65743,12.5126,0.348126,12.1081,12.9904,
3.3,19,5,5,6,6,6,0,0,0,0,0,0,0,0,0,0,0,0,8.333,0,8.333,8.333,0,0,0,0,3.64814,0.48088,3.06314,4.23314,11.9811,0.48088,11.3961,12.5661,
3.3,10,4,6,6,6,6,0,0,0,0,0,0,0,0,0,0,0,0,4.166,0,4.166,4.166,1.00072,0,1.00072,1.00072,4.01216,0.47869,3.58756,4.76942,9.17888,0.47869,8.75428,9.93614,
3.4,1,2,7,6,6,6,0,0,0,0,0,0,0,0,0,0,0,0,4.166,0,4.166,4.166,5.00116,0,5.00116,5.00116,3.52631,0.406894,2.98498,3.98298,12.6935,0.406894,12.1521,13.1501,
3.4,7,3,7,6,6,6,0,0,0,0,0,0,0,0,0,0,0,0,4.166,0,4.166,4.166,5.00116,0,5.00116,5.00116,4.59493,0.0378291,4.54698,4.63098,13.7621,0.0378291,13.7141,13.7981,
3.4,12,4,7,6,6,6,0,0,0,0,0,0,0,0,0,0,0,0,4.166,0,4.166,4.166,5.00116,0,5.00116,5.00116,5.44612,0.861317,4.37898,6.54698,14.6133,0.861317,13.5461,15.7141,
3.4,17,6,7,6,6,6,0,0,0,0,0,0,0,0,0,0,0,0,4.166,0,4.166,4.166,5.00116,0,5.00116,5.00116,4.62155,0.432132,4.28326,5.46512,13.7887,0.432132,13.4504,14.6323,
3.4,4,6,8,6,6,6,0,0,0,0,0,0,0,0,0,0,0,0,4.166,0,4.166,4.166,5.00221,0,5.00221,5.00221,4.1296,0.196755,3.96193,4.37993,13.2978,0.196755,13.1301,13.5481,
3.4,16,5,8,6,6,6,0,0,0,0,0,0,0,0,0,0,0,0,4.166,0,4.166,4.166,5.00116,0,5.00116,5.00116,3.05607,0.0598845,2.98298,3.11726,12.2232,0.0598845,12.1501,12.2844,
3.4,18,6,8,6,6,6,0,0,0,0,0,0,0,0,0,0,0,0,4.166,0,4.166,4.166,5.00116,0,5.00116,5.00116,3.11131,0.148703,2.94498,3.36098,12.2785,0.148703,12.1121,12.5281,
3.4,20,6,8,6,6,6,0,0,0,0,0,0,0,0,0,0,0,0,4.166,0,4.166,4.166,5.00116,0,5.00116,5.00116,3.16322,0.286047,2.94926,3.73298,12.3304,0.286047,12.1164,12.9001,
3.4,2,2,2,6,6,6,0,0,0,0,0,0,0,0,0,0,0,0,8.333,0,8.333,8.333,0,0,0,0,2.84047,0.125549,2.71514,3.04714,11.1735,0.125549,11.0481,11.3801,
3.4,3,5,2,6,5,5,0,0,0,0,0,0,0,0,0,0,0,0,8.333,0,8.333,8.333,1.00072,0,1.00072,1.00072,5.13013,0.235459,4.91928,5.50528,14.4639,0.235459,14.253,14.839,
3.4,11,4,2,6,6,4,0,0,0,0,0,0,0,0,0,0,0,0,8.333,0,8.333,8.333,1.00072,0,1.00072,1.00072,6.84618,0.852445,5.49928,8.02442,16.1799,0.852445,14.833,17.3581,
3.4,5,3,3,6,6,6,0,0,0,0,0,0,0,0,0,0,0,0,8.333,0,8.333,8.333,0,0,0,0,3.45654,0.268777,3.04914,3.82957,11.7895,0.268777,11.3821,12.1626,
3.4,6,3,3,6,6,6,0,0,0,0,0,0,0,0,0,0,0,0,8.333,0,8.333,8.333,0,0,0,0,3.16619,0.16823,3.00514,3.42314,11.4992,0.16823,11.3381,11.7561,
3.4,13,3,3,6,6,6,0,0,0,0,0,0,0,0,0,0,0,0,8.333,0,8.333,8.333,0,0,0,0,3.81881,0.0742473,3.73514,3.90314,12.1518,0.0742473,12.0681,12.2361,
3.4,9,4,4,6,6,6,0,0,0,0,0,0,0,0,0,0,0,0,4.166,0,4.166,4.166,0,0,0,0,3.02647,0.0742473,2.94214,3.11014,7.19247,0.0742473,7.10814,7.27614,
3.4,8,3,5,6,6,6,0,0,0,0,0,0,0,0,0,0,0,0,8.333,0,8.333,8.333,1.00072,0,1.00072,1.00072,3.67142,0.197094,3.50442,3.92242,13.0051,0.197094,12.8381,13.2561,
3.4,15,5,5,6,6,6,0,0,0,0,0,0,0,0,0,0,0,0,8.333,0,8.333,8.333,0,0,0,0,5.0675,0.437636,4.44514,5.69714,13.4005,0.437636,12.7781,14.0301,
3.4,19,5,5,6,6,6,0,0,0,0,0,0,0,0,0,0,0,0,8.333,0,8.333,8.333,0,0,0,0,2.98547,0.414141,2.73514,3.81714,11.3185,0.414141,11.0681,12.1501,
3.4,10,4,6,6,6,6,0,0,0,0,0,0,0,0,0,0,0,0,4.166,0,4.166,4.166,1.00072,0,1.00072,1.00072,5.56378,0.478611,4.84156,6.19142,10.7305,0.478611,10.0083,11.3581,
3.5,1,2,7,6,6,6,0,0,0,0,0,0,0,0,0,0,0,0,4.166,0,4.166,4.166,5.00116,0,5.00116,5.00116,3.93805,0.232912,3.57098,4.15698,13.1052,0.232912,12.7381,13.3241,
3.5,7,3,7,6,6,6,0,0,0,0,0,0,0,0,0,0,0,0,4.166,0,4.166,4.166,5.00116,0,5.00116,5.00116,4.08107,0.746786,3.55298,5.47955,13.2482,0.746786,12.7201,14.6467,
3.5,17,6,7,6,6,6,0,0,0,0,0,0,0,0,0,0,0,0,4.166,0,4.166,4.166,5.00116,0,5.00116,5.00116,5.02436,0.415685,4.48898,5.48698,14.1915,0.415685,13.6561,14.6541,
3.5,4,6,8,6,6,6,0,0,0,0,0,0,0,0,0,0,0,0,4.166,0,4.166,4.166,5.00134,0.000428252,5.00116,5.00221,4.25947,0.328498,3.96698,4.80298,13.4268,0.328577,13.1341,13.9701,
3.5,16,5,8,6,6,6,0,0,0,0,0,0,0,0,0,0,0,0,4.166,0,4.166,4.166,5.00116,0,5.00116,5.00116,3.86364,0.64226,3.20326,4.83355,13.0308,0.64226,12.3704,14.0007,
3.5,18,6,8,6,6,6,0,0,0,0,0,0,0,0,0,0,0,0,4.166,0,4.166,4.166,5.00116,0,5.00116,5.00116,3.10936,0.255597,2.94698,3.61498,12.2765,0.255597,12.1141,12.7821,
3.5,20,6,8,6,6,6,0,0,0,0,0,0,0,0,0,0,0,0,4.166,0,4.166,4.166,5.00116,0,5.00116,5.00116,3.20888,0.467777,2.95126,4.15498,12.376,0.467777,12.1184,13.3221,
3.5,2,2,2,6,6,6,0,0,0,0,0,0,0,0,0,0,0,0,8.333,0,8.333,8.333,0,0,0,0,3.12721,0.409274,2.88514,3.95128,11.4602,0.409274,11.2181,12.2843,
3.5,3,5,2,6,7,6,0,0,0,0,0,0,0,0,0,0,0,0,8.333,0,8.333,8.333,1.00072,0,1.00072,1.00072,5.48413,2.44132,4.03242,10.9464,14.8179,2.44132,13.3661,20.2801,
3.5,11,4,2,6,6,5,0,0,0,0,0,0,0,0,0,0,0,0,8.333,0,8.333,8.333,1.00072,0,1.00072,1.00072,4.10613,1.85043,3.19442,7.86042,13.4399,1.85043,12.5281,17.1941,
3.5,5,3,3,6,6,6,0,0,0,0,0,0,0,0,0,0,0,0,8.333,0,8.333,8.333,0,0,0,0,3.74924,0.684299,3.13714,4.97114,12.0822,0.684299,11.4701,13.3041,
3.5,6,3,3,6,6,6,0,0,0,0,0,0,0,0,0,0,0,0,8.333,0,8.333,8.333,0,0,0,0,3.92614,0.283982,3.50914,4.26114,12.2591,0.283982,11.8421,12.5941,
3.5,13,3,3,6,0,0,0,0,0,0,0,0,0,0,0,0,0,0,0,0,0,0,0,0,0,0,0,0,0,0,0,0,0,0,
3.5,9,4,4,6,6,6,0,0,0,0,0,0,0,0,0,0,0,0,4.166,0,4.166,4.166,0,0,0,0,3.03047,0.0742473,2.94614,3.11414,7.19647,0.0742473,7.11214,7.28014,
3.5,8,3,5,6,6,6,0,0,0,0,0,0,0,0,0,0,0,0,8.333,0,8.333,8.333,1.00072,0,1.00072,1.00072,4.17542,1.15691,3.51042,6.50842,13.5091,1.15691,12.8441,15.8421,
3.5,15,5,5,6,6,6,0,0,0,0,0,0,0,0,0,0,0,0,8.333,0,8.333,8.333,0,0,0,0,4.53281,0.196246,4.28314,4.78114,12.8658,0.196246,12.6161,13.1141,
3.5,19,5,5,6,6,6,0,0,0,0,0,0,0,0,0,0,0,0,8.333,0,8.333,8.333,0,0,0,0,2.82281,0.0742473,2.73914,2.90714,11.1558,0.0742473,11.0721,11.2401,
3.5,10,4,6,6,6,6,0,0,0,0,0,0,0,0,0,0,0,0,4.166,0,4.166,4.166,1.00072,0,1.00072,1.00072,3.82075,1.20647,3.19742,6.27742,8.98747,1.20647,8.36414,11.4441,
3.6,1,2,7,6,6,6,0,0,0,0,0,0,0,0,0,0,0,0,4.166,0,4.166,4.166,5.00116,0,5.00116,5.00116,3.20098,0.271838,2.99298,3.74098,12.3681,0.271838,12.1601,12.9081,
3.6,7,3,7,6,6,1,0,0,0,0,0,0,0,0,0,0,0,0,4.166,0,4.166,4.166,5.00116,0,5.00116,5.00116,7.43626,1.88911,3.63698,8.58541,16.6034,1.88911,12.8041,17.7526,
3.6,11,4,7,6,6,6,0,0,0,0,0,0,0,0,0,0,0,0,4.8605,1.70117,4.166,8.333,4.33442,1.63317,1.00072,5.00116,4.12988,0.401418,3.36442,4.43298,13.3248,0.338766,12.6981,13.6001,
3.6,17,6,7,6,6,6,0,0,0,0,0,0,0,0,0,0,0,0,4.166,0,4.166,4.166,5.00116,0,5.00116,5.00116,4.52836,0.337461,4.32498,5.20526,13.6955,0.337461,13.4921,14.3724,
3.6,4,6,8,6,6,6,0,0,0,0,0,0,0,0,0,0,0,0,4.166,0,4.166,4.166,5.00116,0,5.00116,5.00116,4.22198,0.360619,3.97098,4.88698,13.3891,0.360619,13.1381,14.0541,
3.6,16,5,8,6,6,6,0,0,0,0,0,0,0,0,0,0,0,0,4.166,0,4.166,4.166,5.00116,0,5.00116,5.00116,5.38848,1.21865,2.99098,6.24826,14.5556,1.21865,12.1581,15.4154,
3.6,18,6,8,6,6,6,0,0,0,0,0,0,0,0,0,0,0,0,4.166,0,4.166,4.166,5.00116,0,5.00116,5.00116,3.07764,0.156085,2.95098,3.36898,12.2448,0.156085,12.1181,12.5361,
3.6,20,6,8,6,6,6,0,0,0,0,0,0,0,0,0,0,0,0,4.166,0,4.166,4.166,5.00116,0,5.00116,5.00116,3.12955,0.266952,2.95526,3.65898,12.2967,0.266952,12.1224,12.8261,
3.6,2,2,2,6,6,6,0,0,0,0,0,0,0,0,0,0,0,0,8.333,0,8.333,8.333,0,0,0,0,2.80681,0.0742473,2.72314,2.89114,11.1398,0.0742473,11.0561,11.2241,
3.6,3,5,2,6,6,6,0,0,0,0,0,0,0,0,0,0,0,0,8.333,0,8.333,8.333,1.00072,0,1.00072,1.00072,5.78013,1.0014,3.78442,6.51128,15.1139,1.0014,13.1181,15.845,
3.6,14,5,2,6,5,5,0,0,0,0,0,0,0,0,0,0,0,0,8.333,0,8.333,8.333,1.00072,0,1.00072,1.00072,6.18785,0.487131,5.77371,6.95556,15.5216,0.487131,15.1074,16.2893,
3.6,5,3,3,6,6,2,0,0,0,0,0,0,0,0,0,0,0,0,8.333,0,8.333,8.333,0,0,0,0,7.76812,2.38208,3.01943,9.368,16.1011,2.38208,11.3524,17.701,
3.6,6,3,3,6,5,1,0,0,0,0,0,0,0,0,0,0,0,0,8.333,0,8.333,8.333,0,0,0,0,10.9417,3.418,5.09514,13.0971,19.2747,3.418,13.4281,21.4301,
3.6,13,3,3,6,6,0,0,0,0,0,0,0,0,0,0,0,0,0,8.333,0,8.333,8.333,0,0,0,0,103.151,9.94896,88.9144,116.512,111.484,9.94896,97.2474,124.845,
3.6,9,4,4,6,6,6,0,0,0,0,0,0,0,0,0,0,0,0,4.166,0,4.166,4.166,0,0,0,0,2.86185,0.164249,2.70014,3.08043,7.02785,0.164249,6.86614,7.24643,
3.6,8,3,5,6,6,1,0,0,0,0,0,0,0,0,0,0,0,0,8.333,0,8.333,8.333,1.00072,0,1.00072,1.00072,12.9889,5.06089,3.59442,16.7876,22.3227,5.06089,12.9281,26.1213,
3.6,15,5,5,6,6,6,0,0,0,0,0,0,0,0,0,0,0,0,8.333,0,8.333,8.333,0,0,0,0,5.73919,0.878925,4.03514,6.45314,14.0722,0.878925,12.3681,14.7861,
3.6,19,5,5,6,6,6,0,0,0,0,0,0,0,0,0,0,0,0,8.333,0,8.333,8.333,0,0,0,0,3.98157,0.571919,2.82514,4.32714,12.3146,0.571919,11.1581,12.6601,
3.6,10,4,6,6,6,6,0,0,0,0,0,0,0,0,0,0,0,0,4.166,0,4.166,4.166,1.00072,0,1.00072,1.00072,4.44975,0.63774,3.28142,5.20142,9.61647,0.63774,8.44814,10.3681,
3.7,1,2,7,6,6,5,0,0,0,0,0,0,0,0,0,0,0,0,4.166,0,4.166,4.166,5.00116,0,5.00116,5.00116,6.08593,1.93453,2.99498,8.55584,15.2531,1.93453,12.1621,17.723,
3.7,7,3,7,6,6,5,0,0,0,0,0,0,0,0,0,0,0,0,4.166,0,4.166,4.166,5.00116,0,5.00116,5.00116,5.35395,1.54056,4.22698,8.28384,14.5211,1.54056,13.3941,17.451,
3.7,11,4,7,6,6,6,0,0,0,0,0,0,0,0,0,0,0,0,4.166,0,4.166,4.166,5.00116,0,5.00116,5.00116,4.47831,0.155443,4.35298,4.76898,13.6455,0.155443,13.5201,13.9361,
3.7,17,6,7,6,6,6,0,0,0,0,0,0,0,0,0,0,0,0,4.166,0,4.166,4.166,5.00116,0,5.00116,5.00116,5.57998,0.174488,5.41298,5.82898,14.7471,0.174488,14.5801,14.9961,
3.7,4,6,8,6,6,6,0,0,0,0,0,0,0,0,0,0,0,0,4.166,0,4.166,4.166,5.00116,0,5.00116,5.00116,4.89264,0.325442,4.39098,5.39298,14.0598,0.325442,13.5581,14.5601,
3.7,16,5,8,6,6,5,0,0,0,0,0,0,0,0,0,0,0,0,4.166,0,4.166,4.166,5.00116,0,5.00116,5.00116,7.36867,2.16856,6.13984,11.745,16.5358,2.16856,15.307,20.9121,
3.7,18,6,8,6,6,6,0,0,0,0,0,0,0,0,0,0,0,0,4.166,0,4.166,4.166,5.00116,0,5.00116,5.00116,3.45664,0.414624,3.04098,4.12298,12.6238,0.414624,12.2081,13.2901,
3.7,20,6,8,6,6,6,0,0,0,0,0,0,0,0,0,0,0,0,4.166,0,4.166,4.166,5.00116,0,5.00116,5.00116,3.52045,0.57421,2.95926,4.41298,12.6876,0.57421,12.1264,13.5801,
3.7,2,2,2,6,6,6,0,0,0,0,0,0,0,0,0,0,0,0,8.333,0,8.333,8.333,0,0,0,0,4.80485,1.18181,3.05914,6.31114,13.1379,1.18181,11.3921,14.6441,
3.7,3,5,2,6,6,3,0,0,0,0,0,0,0,0,0,0,0,0,8.333,0,8.333,8.333,1.00072,0,1.00072,1.00072,7.63533,0.792124,7.09928,9.18128,16.969,0.792124,16.433,18.515,
3.7,14,5,2,6,6,5,0,0,0,0,0,0,0,0,0,0,0,0,8.333,0,8.333,8.333,1.00072,0,1.00072,1.00072,6.94271,2.34188,5.77571,11.697,16.2764,2.34188,15.1094,21.0307,
3.7,5,3,3,6,6,6,0,0,0,0,0,0,0,0,0,0,0,0,8.333,0,8.333,8.333,0,0,0,0,4.162,1.93577,2.72914,7.41628,12.495,1.93577,11.0621,15.7493,
3.7,6,3,3,6,7,6,0,0,0,0,0,0,0,0,0,0,0,0,8.333,0,8.333,8.333,0,0,0,0,6.21612,3.4537,3.43514,13.2651,14.5491,3.4537,11.7681,21.5981,
3.7,13,3,3,6,11,4,0,0,0,0,0,0,0,0,0,0,0,0,8.333,0,8.333,8.333,0,0,0,0,33.9769,31.378,3.66514,85.8556,42.3099,31.378,11.9981,94.1886,
3.7,9,4,4,6,6,6,0,0,0,0,0,0,0,0,0,0,0,0,4.166,0,4.166,4.166,0,0,0,0,3.33014,0.155229,3.20414,3.62014,7.49614,0.155229,7.37014,7.78614,
3.7,8,3,5,6,6,5,0,0,0,0,0,0,0,0,0,0,0,0,8.333,0,8.333,8.333,1.00072,0,1.00072,1.00072,5.03759,2.82546,3.43442,10.5448,14.3713,2.82546,12.7681,19.8786,
3.7,15,5,5,6,6,6,0,0,0,0,0,0,0,0,0,0,0,0,8.333,0,8.333,8.333,0,0,0,0,6.85628,0.533244,6.268,7.682,15.1893,0.533244,14.601,16.015,
3.7,19,5,5,6,6,6,0,0,0,0,0,0,0,0,0,0,0,0,8.333,0,8.333,8.333,0,0,0,0,2.99747,0.323902,2.74714,3.57914,11.3305,0.323902,11.0801,11.9121,
3.7,10,4,6,6,6,6,0,0,0,0,0,0,0,0,0,0,0,0,4.166,0,4.166,4.166,1.00072,0,1.00072,1.00072,4.82875,0.352651,4.45342,5.36942,9.99547,0.352651,9.62014,10.5361,
3.8,1,2,7,6,6,6,0,0,0,0,0,0,0,0,0,0,0,0,4.166,0,4.166,4.166,5.00116,0,5.00116,5.00116,4.25064,0.727401,3.58498,5.24898,13.4178,0.727401,12.7521,14.4161,
3.8,7,3,7,6,6,6,0,0,0,0,0,0,0,0,0,0,0,0,4.166,0,4.166,4.166,5.00116,0,5.00116,5.00116,4.47998,0.197094,4.22898,4.64698,13.6471,0.197094,13.3961,13.8141,
3.8,11,4,7,6,6,6,0,0,0,0,0,0,0,0,0,0,0,0,4.166,0,4.166,4.166,5.00116,0,5.00116,5.00116,5.15493,0.577287,4.52498,6.24984,14.3221,0.577287,13.6921,15.417,
3.8,17,6,7,6,6,6,0,0,0,0,0,0,0,0,0,0,0,0,4.166,0,4.166,4.166,5.00116,0,5.00116,5.00116,4.55422,0.467044,4.29726,5.49898,13.7214,0.467044,13.4644,14.6661,
3.8,4,6,8,6,6,6,0,0,0,0,0,0,0,0,0,0,0,0,4.166,0,4.166,4.166,5.00116,0,5.00116,5.00116,4.31331,0.552008,3.97898,5.39498,13.4805,0.552008,13.1461,14.5621,
3.8,16,5,8,6,6,4,0,0,0,0,0,0,0,0,0,0,0,0,4.166,0,4.166,4.166,5.00116,0,5.00116,5.00116,7.28338,0.945888,6.44741,8.60612,16.4505,0.945888,15.6146,17.7733,
3.8,18,6,8,6,6,6,0,0,0,0,0,0,0,0,0,0,0,0,4.166,0,4.166,4.166,5.00116,0,5.00116,5.00116,3.04398,0.0751399,2.95898,3.12898,12.2111,0.0751399,12.1261,12.2961,
3.8,20,6,8,6,6,6,0,0,0,0,0,0,0,0,0,0,0,0,4.166,0,4.166,4.166,5.00116,0,5.00116,5.00116,3.1435,0.0906349,3.04726,3.25098,12.3107,0.0906349,12.2144,12.4181,
3.8,2,2,2,6,6,6,0,0,0,0,0,0,0,0,0,0,0,0,8.333,0,8.333,8.333,0,0,0,0,3.10647,0.339356,2.73314,3.56314,11.4395,0.339356,11.0661,11.8961,
3.8,3,5,2,6,6,5,0,0,0,0,0,0,0,0,0,0,0,0,8.333,0,8.333,8.333,1.00072,0,1.00072,1.00072,6.68099,0.488628,6.18728,7.43528,16.0147,0.488628,15.521,16.769,
3.8,14,5,2,6,6,5,0,0,0,0,0,0,0,0,0,0,0,0,8.333,0,8.333,8.333,1.00072,0,1.00072,1.00072,6.28302,0.66527,5.77971,7.41528,15.6167,0.66527,15.1134,16.749,
3.8,5,3,3,6,6,6,0,0,0,0,0,0,0,0,0,0,0,0,8.333,0,8.333,8.333,0,0,0,0,2.93981,0.203378,2.73114,3.23314,11.2728,0.203378,11.0641,11.5661,
3.8,6,3,3,6,6,6,0,0,0,0,0,0,0,0,0,0,0,0,8.333,0,8.333,8.333,0,0,0,0,3.68814,0.312484,3.43714,4.27314,12.0211,0.312484,11.7701,12.6061,
3.8,13,3,3,6,6,6,0,0,0,0,0,0,0,0,0,0,0,0,8.333,0,8.333,8.333,0,0,0,0,3.75147,0.0742473,3.66714,3.83514,12.0845,0.0742473,12.0001,12.1681,
3.8,9,4,4,6,6,6,0,0,0,0,0,0,0,0,0,0,0,0,4.166,0,4.166,4.166,0,0,0,0,3.04247,0.0742473,2.95814,3.12614,7.20847,0.0742473,7.12414,7.29214,
3.8,8,3,5,6,6,6,0,0,0,0,0,0,0,0,0,0,0,0,8.333,0,8.333,8.333,1.00072,0,1.00072,1.00072,3.52075,0.0742473,3.43642,3.60442,12.8545,0.0742473,12.7701,12.9381,
3.8,15,5,5,6,6,6,0,0,0,0,0,0,0,0,0,0,0,0,8.333,0,8.333,8.333,0,0,0,0,6.37516,0.561394,5.96114,7.27528,14.7082,0.561394,14.2941,15.6083,
3.8,19,5,5,6,6,6,0,0,0,0,0,0,0,0,0,0,0,0,8.333,0,8.333,8.333,0,0,0,0,5.11754,1.17995,2.83314,6.00114,13.4505,1.17995,11.1661,14.3341,
3.8,10,4,6,6,6,6,0,0,0,0,0,0,0,0,0,0,0,0,4.166,0,4.166,4.166,1.00072,0,1.00072,1.00072,5.16609,0.507112,4.37542,5.95742,10.3328,0.507112,9.54214,11.1241,
3.9,1,2,7,6,6,6,0,0,0,0,0,0,0,0,0,0,0,0,4.166,0,4.166,4.166,5.00116,0,5.00116,5.00116,3.79631,0.352934,3.33698,4.25498,12.9635,0.352934,12.5041,13.4221,
3.9,7,3,7,6,6,6,0,0,0,0,0,0,0,0,0,0,0,0,4.166,0,4.166,4.166,5.00116,0,5.00116,5.00116,5.02564,0.288379,4.64898,5.40098,14.1928,0.288379,13.8161,14.5681,
3.9,11,4,7,6,6,6,0,0,0,0,0,0,0,0,0,0,0,0,4.166,0,4.166,4.166,5.00116,0,5.00116,5.00116,4.84941,0.77732,4.02898,6.08584,14.0166,0.77732,13.1961,15.253,
3.9,17,6,7,6,6,6,0,0,0,0,0,0,0,0,0,0,0,0,4.166,0,4.166,4.166,5.00116,0,5.00116,5.00116,4.74869,0.440494,4.33898,5.46726,13.9159,0.440494,13.5061,14.6344,
3.9,4,6,8,6,6,6,0,0,0,0,0,0,0,0,0,0,0,0,4.166,0,4.166,4.166,5.00116,0,5.00116,5.00116,4.19231,0.201898,3.98298,4.40098,13.3595,0.201898,13.1501,13.5681,
3.9,16,5,8,6,6,3,0,0,0,0,0,0,0,0,0,0,0,0,4.166,0,4.166,4.166,5.00116,0,5.00116,5.00116,7.5106,0.850025,6.20141,8.83898,16.6778,0.850025,15.3686,18.0061,
3.9,18,6,8,6,6,6,0,0,0,0,0,0,0,0,0,0,0,0,4.166,0,4.166,4.166,5.00116,0,5.00116,5.00116,3.04798,0.0751399,2.96298,3.13298,12.2151,0.0751399,12.1301,12.3001,
3.9,20,6,8,6,6,6,0,0,0,0,0,0,0,0,0,0,0,0,4.166,0,4.166,4.166,5.00116,0,5.00116,5.00116,3.09988,0.0976583,2.96926,3.25298,12.267,0.0976583,12.1364,12.4201,
3.9,2,2,2,6,6,6,0,0,0,0,0,0,0,0,0,0,0,0,8.333,0,8.333,8.333,0,0,0,0,2.86047,0.126343,2.73514,3.06914,11.1935,0.126343,11.0681,11.4021,
3.9,3,5,2,6,6,4,0,0,0,0,0,0,0,0,0,0,0,0,8.333,0,8.333,8.333,1.00072,0,1.00072,1.00072,6.95285,0.445417,6.44128,7.63242,16.2866,0.445417,15.775,16.9661,
3.9,14,5,2,6,6,4,0,0,0,0,0,0,0,0,0,0,0,0,8.333,0,8.333,8.333,1.00072,0,1.00072,1.00072,6.79297,0.641169,5.78571,7.50528,16.1267,0.641169,15.1194,16.839,
3.9,5,3,3,6,6,6,0,0,0,0,0,0,0,0,0,0,0,0,8.333,0,8.333,8.333,0,0,0,0,5.94976,0.402318,5.544,6.71,14.2828,0.402318,13.877,15.043,
3.9,6,3,3,6,6,6,0,0,0,0,0,0,0,0,0,0,0,0,8.333,0,8.333,8.333,0,0,0,0,5.27547,0.34916,4.77514,5.60914,13.6085,0.34916,13.1081,13.9421,
3.9,13,3,3,6,6,3,0,0,0,0,0,0,0,0,0,0,0,0,8.333,0,8.333,8.333,0,0,0,0,8.26143,0.625031,7.564,9.26771,16.5944,0.625031,15.897,17.6007,
3.9,9,4,4,6,6,6,0,0,0,0,0,0,0,0,0,0,0,0,4.166,0,4.166,4.166,0,0,0,0,3.04052,0.141174,2.79814,3.17843,7.20652,0.141174,6.96414,7.34443,
3.9,8,3,5,6,6,6,0,0,0,0,0,0,0,0,0,0,0,0,8.333,0,8.333,8.333,1.00072,0,1.00072,1.00072,3.52475,0.0742473,3.44042,3.60842,12.8585,0.0742473,12.7741,12.9421,
3.9,15,5,5,6,6,6,0,0,0,0,0,0,0,0,0,0,0,0,8.333,0,8.333,8.333,0,0,0,0,6.79881,0.404614,6.29914,7.38314,15.1318,0.404614,14.6321,15.7161,
3.9,19,5,5,6,6,6,0,0,0,0,0,0,0,0,0,0,0,0,8.333,0,8.333,8.333,0,0,0,0,4.25547,0.704211,3.75714,5.58714,12.5885,0.704211,12.0901,13.9201,
3.9,10,4,6,6,6,6,0,0,0,0,0,0,0,0,0,0,0,0,4.166,0,4.166,4.166,1.00072,0,1.00072,1.00072,5.12842,0.692276,4.54542,6.29342,10.2951,0.692276,9.71214,11.4601,
4,1,2,7,6,6,6,0,0,0,0,0,0,0,0,0,0,0,0,4.166,0,4.166,4.166,5.00116,0,5.00116,5.00116,3.30031,0.273062,3.09098,3.84298,12.4675,0.273062,12.2581,13.0101,
4,7,3,7,6,6,6,0,0,0,0,0,0,0,0,0,0,0,0,4.166,0,4.166,4.166,5.00116,0,5.00116,5.00116,4.82131,0.505087,4.23698,5.40298,13.9885,0.505087,13.4041,14.5701,
4,11,4,7,6,6,6,0,0,0,0,0,0,0,0,0,0,0,0,4.166,0,4.166,4.166,5.00116,0,5.00116,5.00116,3.25222,0.536074,2.94898,4.33984,12.4194,0.536074,12.1161,13.507,
4,17,6,7,6,6,6,0,0,0,0,0,0,0,0,0,0,0,0,4.166,0,4.166,4.166,5.00116,0,5.00116,5.00116,4.50864,0.174105,4.34298,4.84098,13.6758,0.174105,13.5101,14.0081,
4,4,6,8,6,6,6,0,0,0,0,0,0,0,0,0,0,0,0,4.166,0,4.166,4.166,5.00116,0,5.00116,5.00116,4.15464,0.196755,3.98698,4.40498,13.3218,0.196755,13.1541,13.5721,
4,16,5,8,6,6,4,0,0,0,0,0,0,0,0,0,0,0,0,4.166,0,4.166,4.166,5.00116,0,5.00116,5.00116,6.89257,0.709994,6.20541,7.87141,16.0597,0.709994,15.3726,17.0386,
4,18,6,8,6,6,6,0,0,0,0,0,0,0,0,0,0,0,0,4.166,0,4.166,4.166,5.00116,0,5.00116,5.00116,3.05198,0.0751399,2.96698,3.13698,12.2191,0.0751399,12.1341,12.3041,
4,20,6,8,6,6,6,0,0,0,0,0,0,0,0,0,0,0,0,4.166,0,4.166,4.166,5.00116,0,5.00116,5.00116,3.05626,0.0751399,2.97126,3.14126,12.2234,0.0751399,12.1384,12.3084,
4,2,2,2,6,6,6,0,0,0,0,0,0,0,0,0,0,0,0,8.333,0,8.333,8.333,0,0,0,0,2.82281,0.0742473,2.73914,2.90714,11.1558,0.0742473,11.0721,11.2401,
4,3,5,2,6,6,6,0,0,0,0,0,0,0,0,0,0,0,0,8.333,0,8.333,8.333,1.00072,0,1.00072,1.00072,6.64733,0.328202,6.19528,7.11328,15.981,0.328202,15.529,16.447,
4,14,5,2,6,6,6,0,0,0,0,0,0,0,0,0,0,0,0,8.333,0,8.333,8.333,1.00072,0,1.00072,1.00072,6.37435,0.433452,5.87171,7.03771,15.7081,0.433452,15.2054,16.3714,
4,5,3,3,6,6,6,0,0,0,0,0,0,0,0,0,0,0,0,8.333,0,8.333,8.333,0,0,0,0,5.4359,0.896708,4.24114,6.3,13.7689,0.896708,12.5741,14.633,
4,6,3,3,6,6,6,0,0,0,0,0,0,0,0,0,0,0,0,8.333,0,8.333,8.333,0,0,0,0,4.77947,0.728088,3.78114,5.52914,13.1125,0.728088,12.1141,13.8621,
4,13,3,3,6,6,5,0,0,0,0,0,0,0,0,0,0,0,0,8.333,0,8.333,8.333,0,0,0,0,7.48566,2.10953,5.13943,11.1771,15.8187,2.10953,13.4724,19.5101,
4,9,4,4,6,6,6,0,0,0,0,0,0,0,0,0,0,0,0,4.166,0,4.166,4.166,0,0,0,0,3.13381,0.252017,2.96614,3.63214,7.29981,0.252017,7.13214,7.79814,
4,8,3,5,6,6,6,0,0,0,0,0,0,0,0,0,0,0,0,8.333,0,8.333,8.333,1.00072,0,1.00072,1.00072,3.52875,0.0742473,3.44442,3.61242,12.8625,0.0742473,12.7781,12.9461,
4,15,5,5,6,5,5,0,0,0,0,0,0,0,0,0,0,0,0,8.333,0,8.333,8.333,0,0,0,0,6.86914,0.27864,6.55314,7.21914,15.2021,0.27864,14.8861,15.5521,
4,19,5,5,6,6,6,0,0,0,0,0,0,0,0,0,0,0,0,8.333,0,8.333,8.333,0,0,0,0,2.96185,0.19497,2.75914,3.17714,11.2949,0.19497,11.0921,11.5101,
4.1,1,2,7,6,6,6,0,0,0,0,0,0,0,0,0,0,0,0,4.166,0,4.166,4.166,5.00116,0,5.00116,5.00116,4.13764,0.555484,3.01098,4.43098,13.3048,0.555484,12.1781,13.5981,
4.1,7,3,7,6,6,6,0,0,0,0,0,0,0,0,0,0,0,0,4.166,0,4.166,4.166,5.00116,0,5.00116,5.00116,5.36698,0.239783,4.99098,5.65698,14.5341,0.239783,14.1581,14.8241,
4.1,11,4,7,6,6,6,0,0,0,0,0,0,0,0,0,0,0,0,4.166,0,4.166,4.166,5.00116,0,5.00116,5.00116,4.94669,0.512284,3.91526,5.28498,14.1139,0.512284,13.0824,14.4521,
4.1,17,6,7,6,6,6,0,0,0,0,0,0,0,0,0,0,0,0,4.166,0,4.166,4.166,5.00116,0,5.00116,5.00116,4.55431,0.126343,4.42898,4.76298,13.7215,0.126343,13.5961,13.9301,
4.1,4,6,8,6,6,6,0,0,0,0,0,0,0,0,0,0,0,0,4.166,0,4.166,4.166,5.00116,0,5.00116,5.00116,4.28364,0.221727,4.07498,4.65898,13.4508,0.221727,13.2421,13.8261,
4.1,16,5,8,6,6,6,0,0,0,0,0,0,0,0,0,0,0,0,4.166,0,4.166,4.166,5.00116,0,5.00116,5.00116,4.33705,0.93375,3.76298,6.20741,13.5042,0.93375,12.9301,15.3746,
4.1,18,6,8,6,6,6,0,0,0,0,0,0,0,0,0,0,0,0,4.166,0,4.166,4.166,5.00116,0,5.00116,5.00116,3.05598,0.0751399,2.97098,3.14098,12.2231,0.0751399,12.1381,12.3081,
4.1,20,6,8,6,6,6,0,0,0,0,0,0,0,0,0,0,0,0,4.166,0,4.166,4.166,5.00116,0,5.00116,5.00116,3.06026,0.0751399,2.97526,3.14526,12.2274,0.0751399,12.1424,12.3124,
4.1,2,2,2,6,6,6,0,0,0,0,0,0,0,0,0,0,0,0,4.8605,1.70117,4.166,8.333,0,0,0,0,3.71597,0.320113,3.07514,3.91214,8.57647,1.38864,7.91014,11.4081,
4.1,5,3,3,6,6,6,0,0,0,0,0,0,0,0,0,0,0,0,8.333,0,8.333,8.333,0,0,0,0,5.77324,0.457513,5.24514,6.41114,14.1062,0.457513,13.5781,14.7441,
4.1,6,3,3,6,6,6,0,0,0,0,0,0,0,0,0,0,0,0,8.333,0,8.333,8.333,0,0,0,0,6.77752,0.790725,5.19914,7.34728,15.1105,0.790725,13.5321,15.6803,
4.1,13,3,3,6,6,0,0,0,0,0,0,0,0,0,0,0,0,0,8.333,0,8.333,8.333,0,0,0,0,11.698,0.970307,9.822,12.406,20.031,0.970307,18.155,20.739,
4.1,9,4,4,6,5,5,0,0,0,0,0,0,0,0,0,0,0,0,8.333,0,8.333,8.333,0,0,0,0,4.83714,0.172887,4.71914,5.13714,13.1701,0.172887,13.0521,13.4701,
4.1,12,4,4,6,5,5,0,0,0,0,0,0,0,0,0,0,0,0,8.333,0,8.333,8.333,0,0,0,0,3.31,0.417906,2.93514,3.89743,11.643,0.417906,11.2681,12.2304,
4.1,14,5,4,6,5,5,0,0,0,0,0,0,0,0,0,0,0,0,8.333,0,8.333,8.333,1.00072,0,1.00072,1.00072,4.57356,0.0339898,4.51642,4.60042,13.9073,0.0339898,13.8501,13.9341,
4.1,8,3,5,6,6,6,0,0,0,0,0,0,0,0,0,0,0,0,8.333,0,8.333,8.333,1.00072,0,1.00072,1.00072,3.53275,0.0742473,3.44842,3.61642,12.8665,0.0742473,12.7821,12.9501,
4.1,15,5,5,6,7,7,0,0,0,0,0,0,0,0,0,0,0,0,8.333,0,8.333,8.333,0,0,0,0,4.85324,1.26621,4.03928,7.22114,13.1862,1.26621,12.3723,15.5541,
4.1,19,5,5,6,6,6,0,0,0,0,0,0,0,0,0,0,0,0,8.333,0,8.333,8.333,0,0,0,0,4.84085,0.97907,2.84514,5.31143,13.1739,0.97907,11.1781,13.6444,
4.1,3,5,6,6,5,5,0,0,0,0,0,0,0,0,0,0,0,0,4.166,0,4.166,4.166,1.00072,0,1.00072,1.00072,4.38342,0.200973,4.18342,4.60142,9.55014,0.200973,9.35014,9.76814,
4.2,1,2,7,6,6,6,0,0,0,0,0,0,0,0,0,0,0,0,4.166,0,4.166,4.166,5.00116,0,5.00116,5.00116,4.30831,0.240339,4.09898,4.76698,13.4755,0.240339,13.2661,13.9341,
4.2,7,3,7,6,6,6,0,0,0,0,0,0,0,0,0,0,0,0,4.166,0,4.166,4.166,5.00116,0,5.00116,5.00116,5.15669,0.740351,4.38784,6.42555,14.3239,0.740351,13.555,15.5927,
4.2,11,4,7,6,6,6,0,0,0,0,0,0,0,0,0,0,0,0,4.166,0,4.166,4.166,5.00116,0,5.00116,5.00116,4.28998,0.348778,4.03898,4.95498,13.4571,0.348778,13.2061,14.1221,
4.2,17,6,7,6,6,6,0,0,0,0,0,0,0,0,0,0,0,0,4.166,0,4.166,4.166,5.00116,0,5.00116,5.00116,4.88867,0.502742,4.35098,5.41512,14.0558,0.502742,13.5181,14.5823,
4.2,4,6,8,6,6,6,0,0,0,0,0,0,0,0,0,0,0,0,4.166,0,4.166,4.166,5.00116,0,5.00116,5.00116,4.45431,0.300936,3.99698,4.82898,13.6215,0.300936,13.1641,13.9961,
4.2,16,5,8,6,6,6,0,0,0,0,0,0,0,0,0,0,0,0,4.166,0,4.166,4.166,5.00116,0,5.00116,5.00116,4.91248,0.393935,4.18298,5.30998,14.0796,0.393935,13.3501,14.4771,
4.2,18,6,8,6,6,6,0,0,0,0,0,0,0,0,0,0,0,0,4.166,0,4.166,4.166,5.00116,0,5.00116,5.00116,3.26831,0.447395,2.97498,4.14498,12.4355,0.447395,12.1421,13.3121,
4.2,20,6,8,6,6,6,0,0,0,0,0,0,0,0,0,0,0,0,4.166,0,4.166,4.166,5.00116,0,5.00116,5.00116,3.5226,0.894512,2.97926,5.32784,12.6898,0.894512,12.1464,14.495,
4.2,2,2,2,6,6,6,0,0,0,0,0,0,0,0,0,0,0,0,4.166,0,4.166,4.166,0,0,0,0,4.02162,0.238786,3.74614,4.391,8.18762,0.238786,7.91214,8.557,
4.2,5,3,3,6,6,6,0,0,0,0,0,0,0,0,0,0,0,0,8.333,0,8.333,8.333,0,0,0,0,6.03616,0.839655,4.83114,6.99914,14.3692,0.839655,13.1641,15.3321,
4.2,6,3,3,6,6,5,0,0,0,0,0,0,0,0,0,0,0,0,8.333,0,8.333,8.333,0,0,0,0,6.972,2.48586,4.62114,11.7263,15.305,2.48586,12.9541,20.0593,
4.2,13,3,3,6,6,2,0,0,0,0,0,0,0,0,0,0,0,0,8.333,0,8.333,8.333,0,0,0,0,10.6276,3.86784,6.85114,17.7777,18.9606,3.86784,15.1841,26.1107,
4.2,9,4,4,6,6,6,0,0,0,0,0,0,0,0,0,0,0,0,8.333,0,8.333,8.333,0,0,0,0,4.28962,0.445466,3.97314,5.13914,12.6226,0.445466,12.3061,13.4721,
4.2,12,4,4,6,6,6,0,0,0,0,0,0,0,0,0,0,0,0,8.333,0,8.333,8.333,0,0,0,0,3.22319,0.279888,2.93714,3.60314,11.5562,0.279888,11.2701,11.9361,
4.2,14,5,4,6,6,5,0,0,0,0,0,0,0,0,0,0,0,0,8.333,0,8.333,8.333,1.00072,0,1.00072,1.00072,6.49033,2.74284,4.68642,12.0204,15.824,2.74284,14.0201,21.3541,
4.2,8,3,5,6,6,6,0,0,0,0,0,0,0,0,0,0,0,0,8.333,0,8.333,8.333,1.00072,0,1.00072,1.00072,3.69152,0.344441,3.45242,4.38299,13.0252,0.344441,12.7861,13.7167,
4.2,15,5,5,6,6,6,0,0,0,0,0,0,0,0,0,0,0,0,8.333,0,8.333,8.333,0,0,0,0,4.76616,0.394795,3.97714,5.04328,13.0992,0.394795,12.3101,13.3763,
4.2,19,5,5,6,6,6,0,0,0,0,0,0,0,0,0,0,0,0,8.333,0,8.333,8.333,0,0,0,0,4.50259,0.167168,4.35114,4.81343,12.8356,0.167168,12.6841,13.1464,
4.2,3,5,6,6,6,6,0,0,0,0,0,0,0,0,0,0,0,0,4.166,0,4.166,4.166,1.00072,0,1.00072,1.00072,4.32399,0.162613,4.16228,4.49828,9.49071,0.162613,9.329,9.665,
4.3,1,2,7,6,6,6,0,0,0,0,0,0,0,0,0,0,0,0,4.166,0,4.166,4.166,5.00116,0,5.00116,5.00116,5.39564,0.240339,5.01898,5.68698,14.5628,0.240339,14.1861,14.8541,
4.3,7,3,7,6,6,6,0,0,0,0,0,0,0,0,0,0,0,0,4.166,0,4.166,4.166,5.00116,0,5.00116,5.00116,4.58331,0.0742473,4.49898,4.66698,13.7505,0.0742473,13.6661,13.8341,
4.3,11,4,7,6,6,6,0,0,0,0,0,0,0,0,0,0,0,0,4.166,0,4.166,4.166,5.00116,0,5.00116,5.00116,4.58564,0.351515,4.29498,5.20898,13.7528,0.351515,13.4621,14.3761,
4.3,17,6,7,6,6,6,0,0,0,0,0,0,0,0,0,0,0,0,4.166,0,4.166,4.166,5.00116,0,5.00116,5.00116,4.40755,0.0830175,4.31726,4.51898,13.5747,0.0830175,13.4844,13.6861,
4.3,4,6,8,6,6,6,0,0,0,0,0,0,0,0,0,0,0,0,4.166,0,4.166,4.166,5.00116,0,5.00116,5.00116,4.24998,0.197094,3.99898,4.41698,13.4171,0.197094,13.1661,13.5841,
4.3,16,5,8,6,6,5,0,0,0,0,0,0,0,0,0,0,0,0,4.166,0,4.166,4.166,5.00116,0,5.00116,5.00116,7.84207,4.29028,5.44755,16.4601,17.0092,4.29028,14.6147,25.6273,
4.3,18,6,8,6,6,6,0,0,0,0,0,0,0,0,0,0,0,0,4.166,0,4.166,4.166,5.00116,0,5.00116,5.00116,4.51041,0.568254,3.64698,5.22898,13.6776,0.568254,12.8141,14.3961,
4.3,20,6,8,6,6,6,0,0,0,0,0,0,0,0,0,0,0,0,4.166,0,4.166,4.166,5.00116,0,5.00116,5.00116,5.43136,0.856195,4.18698,6.41384,14.5985,0.856195,13.3541,15.581,
4.3,2,2,2,6,6,6,0,0,0,0,0,0,0,0,0,0,0,0,4.166,0,4.166,4.166,0,0,0,0,4.46014,0.570347,3.75014,5.16814,8.62614,0.570347,7.91614,9.33414,
4.3,5,3,3,6,6,6,0,0,0,0,0,0,0,0,0,0,0,0,8.333,0,8.333,8.333,0,0,0,0,3.04314,0.272573,2.75114,3.41914,11.3761,0.272573,11.0841,11.7521,
4.3,6,3,3,6,6,6,0,0,0,0,0,0,0,0,0,0,0,0,8.333,0,8.333,8.333,0,0,0,0,3.70814,0.415748,3.45714,4.54314,12.0411,0.415748,11.7901,12.8761,
4.3,13,3,3,6,6,6,0,0,0,0,0,0,0,0,0,0,0,0,8.333,0,8.333,8.333,0,0,0,0,3.89647,0.351799,3.68714,4.60314,12.2295,0.351799,12.0201,12.9361,
4.3,9,4,4,6,6,6,0,0,0,0,0,0,0,0,0,0,0,0,8.333,0,8.333,8.333,0,0,0,0,4.01981,0.271593,3.72914,4.39314,12.3528,0.271593,12.0621,12.7261,
4.3,12,4,4,6,6,6,0,0,0,0,0,0,0,0,0,0,0,0,8.333,0,8.333,8.333,0,0,0,0,3.02481,0.0742473,2.94114,3.10914,11.3578,0.0742473,11.2741,11.4421,
4.3,14,5,4,6,6,6,0,0,0,0,0,0,0,0,0,0,0,0,8.333,0,8.333,8.333,1.00072,0,1.00072,1.00072,5.91694,0.654048,5.19042,6.53699,15.2507,0.654048,14.5241,15.8707,
4.3,8,3,5,6,6,6,0,0,0,0,0,0,0,0,0,0,0,0,8.333,0,8.333,8.333,1.00072,0,1.00072,1.00072,3.54075,0.0742473,3.45642,3.62442,12.8745,0.0742473,12.7901,12.9581,
4.3,15,5,5,6,6,6,0,0,0,0,0,0,0,0,0,0,0,0,8.333,0,8.333,8.333,0,0,0,0,5.18385,0.561006,4.56514,5.89714,13.5169,0.561006,12.8981,14.2301,
4.3,19,5,5,6,6,6,0,0,0,0,0,0,0,0,0,0,0,0,8.333,0,8.333,8.333,0,0,0,0,3.81314,0.271838,3.60514,4.35314,12.1461,0.271838,11.9381,12.6861,
4.3,3,5,6,6,6,6,0,0,0,0,0,0,0,0,0,0,0,0,4.166,0,4.166,4.166,1.00072,0,1.00072,1.00072,3.81609,0.239505,3.44142,4.18942,8.98281,0.239505,8.60814,9.35614,
4.4,1,2,7,6,4,4,0,0,0,0,0,0,0,0,0,0,0,0,4.166,0,4.166,4.166,5.00116,0,5.00116,5.00116,5.94098,0.0958471,5.85698,6.02498,15.1081,0.0958471,15.0241,15.1921,
4.4,7,3,7,6,6,6,0,0,0,0,0,0,0,0,0,0,0,0,4.166,0,4.166,4.166,5.00116,0,5.00116,5.00116,4.58731,0.0742473,4.50298,4.67098,13.7545,0.0742473,13.6701,13.8381,
4.4,11,4,7,6,6,6,0,0,0,0,0,0,0,0,0,0,0,0,4.166,0,4.166,4.166,5.00116,0,5.00116,5.00116,4.33964,0.327357,4.04698,4.96298,13.5068,0.327357,13.2141,14.1301,
4.4,17,6,7,6,6,6,0,0,0,0,0,0,0,0,0,0,0,0,4.166,0,4.166,4.166,5.00116,0,5.00116,5.00116,5.30738,0.146044,5.10698,5.48726,14.4745,0.146044,14.2741,14.6544,
4.4,4,6,8,6,6,6,0,0,0,0,0,0,0,0,0,0,0,0,4.166,0,4.166,4.166,5.00116,0,5.00116,5.00116,4.87303,0.294941,4.41898,5.23184,14.0402,0.294941,13.5861,14.399,
4.4,16,5,8,6,6,6,0,0,0,0,0,0,0,0,0,0,0,0,4.166,0,4.166,4.166,5.00116,0,5.00116,5.00116,3.56631,0.125549,3.44098,3.77298,12.7335,0.125549,12.6081,12.9401,
4.4,18,6,8,6,6,6,0,0,0,0,0,0,0,0,0,0,0,0,4.166,0,4.166,4.166,5.00116,0,5.00116,5.00116,3.09774,0.0818125,2.98498,3.23298,12.2649,0.0818125,12.1521,12.4001,
4.4,20,6,8,6,6,6,0,0,0,0,0,0,0,0,0,0,0,0,4.166,0,4.166,4.166,5.00116,0,5.00116,5.00116,3.04845,0.124681,2.94098,3.27298,12.2156,0.124681,12.1081,12.4401,
4.4,2,2,2,6,6,6,0,0,0,0,0,0,0,0,0,0,0,0,4.166,0,4.166,4.166,0,0,0,0,4.04747,0.286989,3.75614,4.50414,8.21347,0.286989,7.92214,8.67014,
4.4,5,3,3,6,6,6,0,0,0,0,0,0,0,0,0,0,0,0,8.333,0,8.333,8.333,0,0,0,0,3.23762,0.33797,2.97143,3.67314,11.5706,0.33797,11.3044,12.0061,
4.4,6,3,3,6,6,6,0,0,0,0,0,0,0,0,0,0,0,0,8.333,0,8.333,8.333,0,0,0,0,3.83714,0.329084,3.46114,4.21314,12.1701,0.329084,11.7941,12.5461,
4.4,13,3,3,6,6,6,0,0,0,0,0,0,0,0,0,0,0,0,8.333,0,8.333,8.333,0,0,0,0,3.77547,0.0742473,3.69114,3.85914,12.1085,0.0742473,12.0241,12.1921,
4.4,9,4,4,6,6,6,0,0,0,0,0,0,0,0,0,0,0,0,8.333,0,8.333,8.333,0,0,0,0,3.94047,0.180451,3.73114,4.14914,12.2735,0.180451,12.0641,12.4821,
4.4,12,4,4,6,6,6,0,0,0,0,0,0,0,0,0,0,0,0,8.333,0,8.333,8.333,0,0,0,0,3.02881,0.0742473,2.94514,3.11314,11.3618,0.0742473,11.2781,11.4461,
4.4,14,5,4,6,6,6,0,0,0,0,0,0,0,0,0,0,0,0,8.333,0,8.333,8.333,1.00072,0,1.00072,1.00072,4.31975,0.125549,4.19442,4.52642,13.6535,0.125549,13.5281,13.8601,
4.4,8,3,5,6,6,6,0,0,0,0,0,0,0,0,0,0,0,0,8.333,0,8.333,8.333,1.00072,0,1.00072,1.00072,3.54475,0.0742473,3.46042,3.62842,12.8785,0.0742473,12.7941,12.9621,
4.4,15,5,5,6,6,6,0,0,0,0,0,0,0,0,0,0,0,0,8.333,0,8.333,8.333,0,0,0,0,3.81881,0.0742473,3.73514,3.90314,12.1518,0.0742473,12.0681,12.2361,
4.4,19,5,5,6,6,6,0,0,0,0,0,0,0,0,0,0,0,0,8.333,0,8.333,8.333,0,0,0,0,3.97488,0.420949,3.60714,4.69314,12.3079,0.420949,11.9401,13.0261,
4.4,3,5,6,6,6,6,0,0,0,0,0,0,0,0,0,0,0,0,4.166,0,4.166,4.166,1.00072,0,1.00072,1.00072,3.77842,0.283982,3.44342,4.11142,8.94514,0.283982,8.61014,9.27814,
4.5,1,2,7,6,5,5,0,0,0,0,0,0,0,0,0,0,0,0,4.166,0,4.166,4.166,5.00116,0,5.00116,5.00116,4.27898,0.377015,4.02898,4.94498,13.4461,0.377015,13.1961,14.1121,
4.5,7,3,7,6,6,6,0,0,0,0,0,0,0,0,0,0,0,0,4.166,0,4.166,4.166,5.00116,0,5.00116,5.00116,4.32345,1.26131,3.50698,6.73384,13.4906,1.26131,12.6741,15.901,
4.5,11,4,7,6,6,5,0,0,0,0,0,0,0,0,0,0,0,0,4.166,0,4.166,4.166,5.00116,0,5.00116,5.00116,6.44484,2.58584,5.05298,11.6938,15.612,2.58584,14.2201,20.861,
4.5,17,6,7,6,6,6,0,0,0,0,0,0,0,0,0,0,0,0,4.166,0,4.166,4.166,5.00116,0,5.00116,5.00116,4.90364,0.37465,4.61098,5.52698,14.0708,0.37465,13.7781,14.6941,
4.5,4,6,8,6,6,6,0,0,0,0,0,0,0,0,0,0,0,0,4.166,0,4.166,4.166,5.00116,0,5.00116,5.00116,4.76393,0.420369,4.25898,5.31584,13.9311,0.420369,13.4261,14.483,
4.5,16,5,8,6,6,6,0,0,0,0,0,0,0,0,0,0,0,0,4.166,0,4.166,4.166,5.00116,0,5.00116,5.00116,4.72507,0.508459,3.86298,5.45555,13.8922,0.508459,13.0301,14.6227,
4.5,18,6,8,6,6,6,0,0,0,0,0,0,0,0,0,0,0,0,4.166,0,4.166,4.166,5.00116,0,5.00116,5.00116,3.19103,0.19884,2.98698,3.40698,12.3582,0.19884,12.1541,12.5741,
4.5,20,6,8,6,6,6,0,0,0,0,0,0,0,0,0,0,0,0,4.166,0,4.166,4.166,5.00116,0,5.00116,5.00116,3.34412,0.401159,2.99126,3.94498,12.5113,0.401159,12.1584,13.1121,
4.5,2,2,2,6,6,6,0,0,0,0,0,0,0,0,0,0,0,0,4.166,0,4.166,4.166,0,0,0,0,4.05147,0.45581,3.75814,4.92614,8.21747,0.45581,7.92414,9.09214,
4.5,5,3,3,6,6,6,0,0,0,0,0,0,0,0,0,0,0,0,8.333,0,8.333,8.333,0,0,0,0,3.27733,0.233534,3.09314,3.72343,11.6103,0.233534,11.4261,12.0564,
4.5,13,3,3,6,0,0,0,0,0,0,0,0,0,0,0,0,0,0,0,0,0,0,0,0,0,0,0,0,0,0,0,0,0,0,
4.5,9,4,4,6,5,4,0,0,0,0,0,0,0,0,0,0,0,0,8.333,0,8.333,8.333,0,0,0,0,6.53171,3.34915,4.56914,12.4871,14.8647,3.34915,12.9021,20.8201,
4.5,12,4,4,6,6,6,0,0,0,0,0,0,0,0,0,0,0,0,8.333,0,8.333,8.333,0,0,0,0,3.15781,0.352934,2.94914,3.86714,11.4908,0.352934,11.2821,12.2001,
4.5,14,5,4,6,6,6,0,0,0,0,0,0,0,0,0,0,0,0,8.333,0,8.333,8.333,1.00072,0,1.00072,1.00072,5.53804,0.391146,4.86642,5.92328,14.8718,0.391146,14.2001,15.257,
4.5,8,3,5,6,6,6,0,0,0,0,0,0,0,0,0,0,0,0,8.333,0,8.333,8.333,1.00072,0,1.00072,1.00072,4.17673,1.36161,3.46442,6.92342,13.5104,1.36161,12.7981,16.2571,
4.5,15,5,5,6,6,6,0,0,0,0,0,0,0,0,0,0,0,0,8.333,0,8.333,8.333,0,0,0,0,4.77519,0.368291,4.15714,5.13728,13.1082,0.368291,12.4901,13.4703,
4.5,19,5,5,6,6,6,0,0,0,0,0,0,0,0,0,0,0,0,8.333,0,8.333,8.333,0,0,0,0,3.69614,0.0751399,3.61114,3.78114,12.0291,0.0751399,11.9441,12.1141,
4.5,3,5,6,6,6,6,0,0,0,0,0,0,0,0,0,0,0,0,4.166,0,4.166,4.166,1.00072,0,1.00072,1.00072,3.69909,0.197769,3.44742,3.86742,8.86581,0.197769,8.61414,9.03414,
4.6,1,2,7,6,6,6,0,0,0,0,0,0,0,0,0,0,0,0,4.166,0,4.166,4.166,5.00116,0,5.00116,5.00116,4.07431,0.0869636,3.95098,4.19898,13.2415,0.0869636,13.1181,13.3661,
4.6,7,3,7,6,6,6,0,0,0,0,0,0,0,0,0,0,0,0,4.166,0,4.166,4.166,5.00116,0,5.00116,5.00116,5.5715,1.30514,3.67698,7.10755,14.7387,1.30514,12.8441,16.2747,
4.6,11,4,7,6,6,6,0,0,0,0,0,0,0,0,0,0,0,0,4.166,0,4.166,4.166,5.00116,0,5.00116,5.00116,5.30003,0.677992,4.47298,6.22098,14.4672,0.677992,13.6401,15.3881,
4.6,17,6,7,6,6,6,0,0,0,0,0,0,0,0,0,0,0,0,4.166,0,4.166,4.166,5.00116,0,5.00116,5.00116,4.65764,0.328577,4.36498,5.11698,13.8248,0.328577,13.5321,14.2841,
4.6,4,6,8,6,6,6,0,0,0,0,0,0,0,0,0,0,0,0,4.166,0,4.166,4.166,5.00116,0,5.00116,5.00116,4.47031,0.328577,4.01098,4.92898,13.6375,0.328577,13.1781,14.0961,
4.6,16,5,8,6,6,6,0,0,0,0,0,0,0,0,0,0,0,0,4.166,0,4.166,4.166,5.00116,0,5.00116,5.00116,3.78264,0.0742473,3.69898,3.86698,12.9498,0.0742473,12.8661,13.0341,
4.6,18,6,8,6,6,6,0,0,0,0,0,0,0,0,0,0,0,0,4.166,0,4.166,4.166,5.00116,0,5.00116,5.00116,3.36764,0.302593,2.99098,3.74298,12.5348,0.302593,12.1581,12.9101,
4.6,20,6,8,6,6,6,0,0,0,0,0,0,0,0,0,0,0,0,4.166,0,4.166,4.166,5.00116,0,5.00116,5.00116,3.51479,0.599591,2.94898,4.24726,12.6819,0.599591,12.1161,13.4144,
4.6,2,2,2,6,6,6,0,0,0,0,0,0,0,0,0,0,0,0,4.166,0,4.166,4.166,0,0,0,0,3.84714,0.174488,3.68214,4.18014,8.01314,0.174488,7.84814,8.34614,
4.6,5,3,3,6,6,6,0,0,0,0,0,0,0,0,0,0,0,0,8.333,0,8.333,8.333,0,0,0,0,4.78728,1.33303,3.09514,6.34714,13.1203,1.33303,11.4281,14.6801,
4.6,10,4,3,6,5,5,0,0,0,0,0,0,0,0,0,0,0,0,8.333,0,8.333,8.333,1.00072,0,1.00072,1.00072,3.81642,1.1329,2.89671,5.35042,13.1501,1.1329,12.2304,14.6841,
4.6,13,3,3,6,11,2,0,0,0,0,0,0,0,0,0,0,0,0,8.333,0,8.333,8.333,0,0,0,0,50.5453,36.6383,5.45114,110.695,58.8783,36.6383,13.7841,119.028,
4.6,9,4,4,6,6,6,0,0,0,0,0,0,0,0,0,0,0,0,8.333,0,8.333,8.333,0,0,0,0,5.16871,0.544682,4.466,5.882,13.5017,0.544682,12.799,14.215,
4.6,12,4,4,6,6,6,0,0,0,0,0,0,0,0,0,0,0,0,8.333,0,8.333,8.333,0,0,0,0,3.03681,0.0742473,2.95314,3.12114,11.3698,0.0742473,11.2861,11.4541,
4.6,14,5,4,6,6,6,0,0,0,0,0,0,0,0,0,0,0,0,8.333,0,8.333,8.333,1.00072,0,1.00072,1.00072,4.53609,0.0742473,4.45242,4.62042,13.8698,0.0742473,13.7861,13.9541,
4.6,8,3,5,6,6,6,0,0,0,0,0,0,0,0,0,0,0,0,8.333,0,8.333,8.333,1.00072,0,1.00072,1.00072,4.46942,1.45391,3.46842,6.38642,13.8031,1.45391,12.8021,15.7201,
4.6,15,5,5,6,6,6,0,0,0,0,0,0,0,0,0,0,0,0,8.333,0,8.333,8.333,0,0,0,0,4.14526,0.181322,3.97728,4.49314,12.4783,0.181322,12.3103,12.8261,
4.6,19,5,5,6,6,6,0,0,0,0,0,0,0,0,0,0,0,0,8.333,0,8.333,8.333,0,0,0,0,3.70014,0.0751399,3.61514,3.78514,12.0331,0.0751399,11.9481,12.1181,
4.6,3,5,6,6,6,6,0,0,0,0,0,0,0,0,0,0,0,0,4.166,0,4.166,4.166,1.00072,0,1.00072,1.00072,3.70309,0.197769,3.45142,3.87142,8.86981,0.197769,8.61814,9.03814,
4.7,1,2,7,6,6,6,0,0,0,0,0,0,0,0,0,0,0,0,4.166,0,4.166,4.166,5.00116,0,5.00116,5.00116,4.45331,0.529446,3.95498,5.20298,13.6205,0.529446,13.1221,14.3701,
4.7,7,3,7,6,6,6,0,0,0,0,0,0,0,0,0,0,0,0,4.166,0,4.166,4.166,5.00116,0,5.00116,5.00116,5.34931,0.0742473,5.26498,5.43298,14.5165,0.0742473,14.4321,14.6001,
4.7,11,4,7,6,6,6,0,0,0,0,0,0,0,0,0,0,0,0,4.166,0,4.166,4.166,5.00116,0,5.00116,5.00116,5.22664,0.470864,4.64298,5.72698,14.3938,0.470864,13.8101,14.8941,
4.7,17,6,7,6,6,6,0,0,0,0,0,0,0,0,0,0,0,0,4.166,0,4.166,4.166,5.00116,0,5.00116,5.00116,4.95331,0.361265,4.45498,5.28698,14.1205,0.361265,13.6221,14.4541,
4.7,4,6,8,6,6,6,0,0,0,0,0,0,0,0,0,0,0,0,4.166,0,4.166,4.166,5.00116,0,5.00116,5.00116,4.76598,0.337411,4.35098,5.18298,13.9331,0.337411,13.5181,14.3501,
4.7,16,5,8,6,6,6,0,0,0,0,0,0,0,0,0,0,0,0,4.166,0,4.166,4.166,5.00116,0,5.00116,5.00116,4.91165,1.24733,4.17984,7.39212,14.0788,1.24733,13.347,16.5593,
4.7,18,6,8,6,6,6,0,0,0,0,0,0,0,0,0,0,0,0,4.166,0,4.166,4.166,5.00116,0,5.00116,5.00116,3.15141,0.176164,2.99498,3.49698,12.3186,0.176164,12.1621,12.6641,
4.7,20,6,8,6,6,6,0,0,0,0,0,0,0,0,0,0,0,0,4.166,0,4.166,4.166,5.00116,0,5.00116,5.00116,3.22712,0.522542,2.95298,4.28698,12.3943,0.522542,12.1201,13.4541,
4.7,2,2,2,6,6,6,0,0,0,0,0,0,0,0,0,0,0,0,4.166,0,4.166,4.166,0,0,0,0,3.93447,0.235611,3.68614,4.26814,8.10047,0.235611,7.85214,8.43414,
4.7,5,3,3,6,6,6,0,0,0,0,0,0,0,0,0,0,0,0,8.333,0,8.333,8.333,0,0,0,0,4.25259,0.329898,3.76914,4.68514,12.5856,0.329898,12.1021,13.0181,
4.7,10,4,3,6,6,6,0,0,0,0,0,0,0,0,0,0,0,0,8.333,0,8.333,8.333,1.00072,0,1.00072,1.00072,4.0558,1.12084,2.98271,5.60242,13.3895,1.12084,12.3164,14.9361,
4.7,13,3,3,6,6,6,0,0,0,0,0,0,0,0,0,0,0,0,8.333,0,8.333,8.333,0,0,0,0,6.03747,0.31227,5.61914,6.45514,14.3705,0.31227,13.9521,14.7881,
4.7,9,4,4,6,6,6,0,0,0,0,0,0,0,0,0,0,0,0,8.333,0,8.333,8.333,0,0,0,0,5.46438,0.602087,4.72,6.16114,13.7974,0.602087,13.053,14.4941,
4.7,12,4,4,6,6,6,0,0,0,0,0,0,0,0,0,0,0,0,8.333,0,8.333,8.333,0,0,0,0,3.11819,0.255094,2.95714,3.62314,11.4512,0.255094,11.2901,11.9561,
4.7,14,5,4,6,6,5,0,0,0,0,0,0,0,0,0,0,0,0,8.333,0,8.333,8.333,1.00072,0,1.00072,1.00072,5.81985,0.773039,5.26528,7.28842,15.1536,0.773039,14.599,16.6221,
4.7,8,3,5,6,6,6,0,0,0,0,0,0,0,0,0,0,0,0,8.333,0,8.333,8.333,1.00072,0,1.00072,1.00072,3.55675,0.0742473,3.47242,3.64042,12.8905,0.0742473,12.8061,12.9741,
4.7,15,5,5,6,6,6,0,0,0,0,0,0,0,0,0,0,0,0,8.333,0,8.333,8.333,0,0,0,0,4.91116,0.616516,4.41314,6.07914,13.2442,0.616516,12.7461,14.4121,
4.7,19,5,5,6,6,6,0,0,0,0,0,0,0,0,0,0,0,0,8.333,0,8.333,8.333,0,0,0,0,5.19819,0.776062,3.61914,5.62114,13.5312,0.776062,11.9521,13.9541,
4.7,3,5,6,6,6,6,0,0,0,0,0,0,0,0,0,0,0,0,4.166,0,4.166,4.166,1.00072,0,1.00072,1.00072,4.33209,0.456468,3.45542,4.62542,9.49881,0.456468,8.62214,9.79214,
4.8,1,2,7,6,6,6,0,0,0,0,0,0,0,0,0,0,0,0,4.166,0,4.166,4.166,5.00116,0,5.00116,5.00116,4.24898,0.473388,3.95898,5.20698,13.4161,0.473388,13.1261,14.3741,
4.8,7,3,7,6,6,6,0,0,0,0,0,0,0,0,0,0,0,0,4.166,0,4.166,4.166,5.00116,0,5.00116,5.00116,4.71045,0.356998,4.51898,5.43498,13.8776,0.356998,13.6861,14.6021,
4.8,11,4,7,6,6,6,0,0,0,0,0,0,0,0,0,0,0,0,4.166,0,4.166,4.166,5.00116,0,5.00116,5.00116,4.64731,0.414141,4.39698,5.47898,13.8145,0.414141,13.5641,14.6461,
4.8,17,6,7,6,6,6,0,0,0,0,0,0,0,0,0,0,0,0,4.166,0,4.166,4.166,5.00116,0,5.00116,5.00116,4.51684,0.381807,4.29098,5.28898,13.684,0.381807,13.4581,14.4561,
4.8,4,6,8,6,6,6,0,0,0,0,0,0,0,0,0,0,0,0,4.166,0,4.166,4.166,5.00116,0,5.00116,5.00116,4.31164,0.339945,4.01898,4.93498,13.4788,0.339945,13.1861,14.1021,
4.8,16,5,8,6,6,6,0,0,0,0,0,0,0,0,0,0,0,0,4.166,0,4.166,4.166,5.00116,0,5.00116,5.00116,3.66564,0.314265,3.45698,4.28898,12.8328,0.314265,12.6241,13.4561,
4.8,18,6,8,6,6,6,0,0,0,0,0,0,0,0,0,0,0,0,4.166,0,4.166,4.166,5.00116,0,5.00116,5.00116,3.15541,0.239773,2.99898,3.63326,12.3226,0.239773,12.1661,12.8004,
4.8,20,6,8,6,6,6,0,0,0,0,0,0,0,0,0,0,0,0,4.166,0,4.166,4.166,5.00116,0,5.00116,5.00116,3.14184,0.282637,2.95698,3.70898,12.309,0.282637,12.1241,12.8761,
4.8,2,2,2,6,6,6,0,0,0,0,0,0,0,0,0,0,0,0,4.166,0,4.166,4.166,0,0,0,0,3.85514,0.174488,3.69014,4.18814,8.02114,0.174488,7.85614,8.35414,
4.8,5,3,3,6,6,6,0,0,0,0,0,0,0,0,0,0,0,0,8.333,0,8.333,8.333,0,0,0,0,3.30719,0.55882,2.90143,4.35314,11.6402,0.55882,11.2344,12.6861,
4.8,10,4,3,6,6,6,0,0,0,0,0,0,0,0,0,0,0,0,8.333,0,8.333,8.333,1.00072,0,1.00072,1.00072,3.38123,0.713144,2.90471,4.77242,12.7149,0.713144,12.2384,14.1061,
4.8,13,3,3,6,6,6,0,0,0,0,0,0,0,0,0,0,0,0,8.333,0,8.333,8.333,0,0,0,0,4.12481,0.858786,3.70714,5.87314,12.4578,0.858786,12.0401,14.2061,
4.8,9,4,4,6,6,6,0,0,0,0,0,0,0,0,0,0,0,0,8.333,0,8.333,8.333,0,0,0,0,4.77195,0.541972,4.33114,5.806,13.1049,0.541972,12.6641,14.139,
4.8,12,4,4,6,6,6,0,0,0,0,0,0,0,0,0,0,0,0,8.333,0,8.333,8.333,0,0,0,0,3.04481,0.0742473,2.96114,3.12914,11.3778,0.0742473,11.2941,11.4621,
4.8,14,5,4,6,6,6,0,0,0,0,0,0,0,0,0,0,0,0,8.333,0,8.333,8.333,1.00072,0,1.00072,1.00072,4.91909,0.554764,4.46042,5.71242,14.2528,0.554764,13.7941,15.0461,
4.8,8,3,5,6,6,6,0,0,0,0,0,0,0,0,0,0,0,0,8.333,0,8.333,8.333,1.00072,0,1.00072,1.00072,3.60242,0.155872,3.47642,3.89442,12.9361,0.155872,12.8101,13.2281,
4.8,15,5,5,6,6,6,0,0,0,0,0,0,0,0,0,0,0,0,8.333,0,8.333,8.333,0,0,0,0,4.311,0.314287,3.96543,4.75314,12.644,0.314287,12.2984,13.0861,
4.8,19,5,5,6,6,6,0,0,0,0,0,0,0,0,0,0,0,0,8.333,0,8.333,8.333,0,0,0,0,5.1635,0.265996,4.87514,5.60528,13.4965,0.265996,13.2081,13.9383,
4.8,3,5,6,6,6,6,0,0,0,0,0,0,0,0,0,0,0,0,4.166,0,4.166,4.166,1.00072,0,1.00072,1.00072,4.46109,0.197769,4.20942,4.62942,9.62781,0.197769,9.37614,9.79614,
4.9,1,2,7,6,6,6,0,0,0,0,0,0,0,0,0,0,0,0,4.166,0,4.166,4.166,5.00116,0,5.00116,5.00116,4.28572,0.189624,3.96298,4.50926,13.4529,0.189624,13.1301,13.6764,
4.9,7,3,7,6,6,6,0,0,0,0,0,0,0,0,0,0,0,0,4.166,0,4.166,4.166,5.00116,0,5.00116,5.00116,5.49422,0.542375,4.58184,6.03755,14.6614,0.542375,13.749,15.2047,
4.9,11,4,7,6,6,6,0,0,0,0,0,0,0,0,0,0,0,0,4.166,0,4.166,4.166,5.00116,0,5.00116,5.00116,5.43405,0.58754,4.48298,6.06898,14.6012,0.58754,13.6501,15.2361,
4.9,17,6,7,6,6,6,0,0,0,0,0,0,0,0,0,0,0,0,4.166,0,4.166,4.166,5.00116,0,5.00116,5.00116,4.61012,0.227601,4.29298,4.87698,13.7773,0.227601,13.4601,14.0441,
4.9,4,6,8,6,6,6,0,0,0,0,0,0,0,0,0,0,0,0,4.166,0,4.166,4.166,5.00116,0,5.00116,5.00116,4.31564,0.126343,4.18898,4.52298,13.4828,0.126343,13.3561,13.6901,
4.9,16,5,8,6,6,6,0,0,0,0,0,0,0,0,0,0,0,0,4.166,0,4.166,4.166,5.00116,0,5.00116,5.00116,4.10417,0.487332,3.71098,4.97155,13.2713,0.487332,12.8781,14.1387,
4.9,18,6,8,6,6,6,0,0,0,0,0,0,0,0,0,0,0,0,4.166,0,4.166,4.166,5.00116,0,5.00116,5.00116,3.61476,0.363585,3.17298,4.03341,12.7819,0.363585,12.3401,13.2006,
4.9,20,6,8,6,6,6,0,0,0,0,0,0,0,0,0,0,0,0,4.166,0,4.166,4.166,5.00116,0,5.00116,5.00116,3.89584,0.660033,3.17726,4.87698,13.063,0.660033,12.3444,14.0441,
4.9,2,2,2,6,6,6,0,0,0,0,0,0,0,0,0,0,0,0,4.166,0,4.166,4.166,0,0,0,0,3.96628,0.214231,3.69414,4.27614,8.13228,0.214231,7.86014,8.44214,
4.9,5,3,3,6,6,6,0,0,0,0,0,0,0,0,0,0,0,0,8.333,0,8.333,8.333,0,0,0,0,4.48381,0.328881,3.85714,4.77714,12.8168,0.328881,12.1901,13.1101,
4.9,10,4,3,6,6,6,0,0,0,0,0,0,0,0,0,0,0,0,8.333,0,8.333,8.333,1.00072,0,1.00072,1.00072,4.48047,1.10479,2.99071,6.36042,13.8142,1.10479,12.3244,15.6941,
4.9,13,3,3,6,6,6,0,0,0,0,0,0,0,0,0,0,0,0,8.333,0,8.333,8.333,0,0,0,0,6.50381,0.598801,5.37714,7.04714,14.8368,0.598801,13.7101,15.3801,
4.9,9,4,4,6,6,6,0,0,0,0,0,0,0,0,0,0,0,0,8.333,0,8.333,8.333,0,0,0,0,5.5319,0.539894,4.66714,6.144,13.8649,0.539894,13.0001,14.477,
4.9,12,4,4,6,6,6,0,0,0,0,0,0,0,0,0,0,0,0,8.333,0,8.333,8.333,0,0,0,0,3.09047,0.125549,2.96514,3.29714,11.4235,0.125549,11.2981,11.6301,
4.9,14,5,4,6,6,6,0,0,0,0,0,0,0,0,0,0,0,0,8.333,0,8.333,8.333,1.00072,0,1.00072,1.00072,5.0719,0.784832,4.46442,6.18928,14.4056,0.784832,13.7981,15.523,
4.9,8,3,5,6,6,6,0,0,0,0,0,0,0,0,0,0,0,0,8.333,0,8.333,8.333,1.00072,0,1.00072,1.00072,3.89213,0.267112,3.48242,4.31642,13.2259,0.267112,12.8161,13.6501,
4.9,15,5,5,6,6,6,0,0,0,0,0,0,0,0,0,0,0,0,8.333,0,8.333,8.333,0,0,0,0,4.45488,0.562038,3.98728,5.25714,12.7879,0.562038,12.3203,13.5901,
4.9,19,5,5,6,6,6,0,0,0,0,0,0,0,0,0,0,0,0,8.333,0,8.333,8.333,0,0,0,0,5.03952,0.311657,4.71314,5.46114,13.3725,0.311657,13.0461,13.7941,
4.9,3,5,6,6,6,6,0,0,0,0,0,0,0,0,0,0,0,0,4.166,0,4.166,4.166,1.00072,0,1.00072,1.00072,5.2508,0.580337,4.21342,5.94028,10.4175,0.580337,9.38014,11.107,
5,1,2,7,6,6,6,0,0,0,0,0,0,0,0,0,0,0,0,4.166,0,4.166,4.166,5.00116,0,5.00116,5.00116,3.50698,0.8306,2.96498,5.04698,12.6741,0.8306,12.1321,14.2141,
5,7,3,7,6,6,6,0,0,0,0,0,0,0,0,0,0,0,0,4.166,0,4.166,4.166,5.00116,0,5.00116,5.00116,4.71845,0.356998,4.52698,5.44298,13.8856,0.356998,13.6941,14.6101,
5,11,4,7,6,6,6,0,0,0,0,0,0,0,0,0,0,0,0,4.166,0,4.166,4.166,5.00116,0,5.00116,5.00116,5.69698,0.201732,5.40698,5.98698,14.8641,0.201732,14.5741,15.1541,
5,17,6,7,6,6,6,0,0,0,0,0,0,0,0,0,0,0,0,4.166,0,4.166,4.166,5.00116,0,5.00116,5.00116,4.38198,0.0751399,4.29698,4.46698,13.5491,0.0751399,13.4641,13.6341,
5,4,6,8,6,6,6,0,0,0,0,0,0,0,0,0,0,0,0,4.166,0,4.166,4.166,5.00116,0,5.00116,5.00116,4.11131,0.197769,3.94298,4.36298,13.2785,0.197769,13.1101,13.5301,
5,16,5,8,6,6,6,0,0,0,0,0,0,0,0,0,0,0,0,4.166,0,4.166,4.166,5.00116,0,5.00116,5.00116,3.84031,0.155443,3.71498,4.13098,13.0075,0.155443,12.8821,13.2981,
5,18,6,8,6,6,6,0,0,0,0,0,0,0,0,0,0,0,0,4.166,0,4.166,4.166,5.00116,0,5.00116,5.00116,4.58305,1.11231,3.00698,5.75898,13.7502,1.11231,12.1741,14.9261,
5,20,6,8,6,6,3,0,0,0,0,0,0,0,0,0,0,0,0,4.166,0,4.166,4.166,5.00116,0,5.00116,5.00116,8.23317,5.17149,3.01126,15.1078,17.4003,5.17149,12.1784,24.275,
5,5,3,3,6,6,6,0,0,0,0,0,0,0,0,0,0,0,0,8.333,0,8.333,8.333,0,0,0,0,2.94614,0.452599,2.69514,3.86114,11.2791,0.452599,11.0281,12.1941,
5,10,4,3,6,6,6,0,0,0,0,0,0,0,0,0,0,0,0,8.333,0,8.333,8.333,1.00072,0,1.00072,1.00072,3.84161,0.516458,2.91271,4.28042,13.1753,0.516458,12.2464,13.6141,
5,13,3,3,6,6,6,0,0,0,0,0,0,0,0,0,0,0,0,8.333,0,8.333,8.333,0,0,0,0,4.09114,0.757031,3.71514,5.63114,12.4241,0.757031,12.0481,13.9641,
5,9,4,4,6,6,6,0,0,0,0,0,0,0,0,0,0,0,0,8.333,0,8.333,8.333,0,0,0,0,5.59543,0.454831,5.08914,6.17114,13.9284,0.454831,13.4221,14.5041,
5,12,4,4,6,6,6,0,0,0,0,0,0,0,0,0,0,0,0,8.333,0,8.333,8.333,0,0,0,0,3.05281,0.0742473,2.96914,3.13714,11.3858,0.0742473,11.3021,11.4701,
5,14,5,4,6,6,6,0,0,0,0,0,0,0,0,0,0,0,0,8.333,0,8.333,8.333,1.00072,0,1.00072,1.00072,4.71875,0.348873,4.46842,5.38442,14.0525,0.348873,13.8021,14.7181,
5,8,3,5,6,6,6,0,0,0,0,0,0,0,0,0,0,0,0,8.333,0,8.333,8.333,1.00072,0,1.00072,1.00072,3.65209,0.196755,3.48442,3.90242,12.9858,0.196755,12.8181,13.2361,
5,15,5,5,6,6,6,0,0,0,0,0,0,0,0,0,0,0,0,8.333,0,8.333,8.333,0,0,0,0,4.16424,0.152651,3.99328,4.42514,12.4972,0.152651,12.3263,12.7581,
5,19,5,5,6,6,6,0,0,0,0,0,0,0,0,0,0,0,0,8.333,0,8.333,8.333,0,0,0,0,5.45126,0.389343,4.92943,5.88114,13.7843,0.389343,13.2624,14.2141,
5,3,5,6,6,6,6,0,0,0,0,0,0,0,0,0,0,0,0,4.166,0,4.166,4.166,1.00072,0,1.00072,1.00072,6.27861,0.361819,5.86228,6.94628,11.4453,0.361819,11.029,12.113,
5.1,1,2,7,6,6,6,0,0,0,0,0,0,0,0,0,0,0,0,4.166,0,4.166,4.166,5.00116,0,5.00116,5.00116,3.46931,0.325442,3.05098,3.88498,12.6365,0.325442,12.2181,13.0521,
5.1,7,3,7,6,6,6,0,0,0,0,0,0,0,0,0,0,0,0,4.166,0,4.166,4.166,5.00116,0,5.00116,5.00116,5.01412,0.384078,4.53098,5.36698,14.1813,0.384078,13.6981,14.5341,
5.1,11,4,7,6,6,6,0,0,0,0,0,0,0,0,0,0,0,0,4.166,0,4.166,4.166,5.00116,0,5.00116,5.00116,6.40931,0.722435,5.24298,7.40898,15.5765,0.722435,14.4101,16.5761,
5.1,17,6,7,6,6,6,0,0,0,0,0,0,0,0,0,0,0,0,4.166,0,4.166,4.166,5.00116,0,5.00116,5.00116,5.04669,0.467309,4.46898,5.55298,14.2139,0.467309,13.6361,14.7201,
5.1,4,6,8,6,6,6,0,0,0,0,0,0,0,0,0,0,0,0,4.166,0,4.166,4.166,5.00116,0,5.00116,5.00116,4.40698,0.222027,4.03098,4.69698,13.5741,0.222027,13.1981,13.8641,
5.1,16,5,8,6,6,6,0,0,0,0,0,0,0,0,0,0,0,0,4.166,0,4.166,4.166,5.00116,0,5.00116,5.00116,4.26098,0.40819,3.80298,4.77984,13.4281,0.40819,12.9701,13.947,
5.1,18,6,8,6,6,6,0,0,0,0,0,0,0,0,0,0,0,0,4.166,0,4.166,4.166,5.00116,0,5.00116,5.00116,3.95907,0.270488,3.42898,4.18098,13.1262,0.270488,12.5961,13.3481,
5.1,20,6,8,6,6,6,0,0,0,0,0,0,0,0,0,0,0,0,4.166,0,4.166,4.166,5.00116,0,5.00116,5.00116,4.51098,0.631314,3.46898,5.11384,13.6781,0.631314,12.6361,14.281,
5.1,6,3,2,6,6,6,0,0,0,0,0,0,0,0,0,0,0,0,4.166,0,4.166,4.166,1.00072,0,1.00072,1.00072,3.35042,0.216439,3.18342,3.76542,8.51714,0.216439,8.35014,8.93214,
5.1,5,3,3,6,6,6,0,0,0,0,0,0,0,0,0,0,0,0,8.333,0,8.333,8.333,0,0,0,0,4.03347,0.727814,3.19914,5.36514,12.3665,0.727814,11.5321,13.6981,
5.1,10,4,3,6,6,6,0,0,0,0,0,0,0,0,0,0,0,0,8.333,0,8.333,8.333,1.00072,0,1.00072,1.00072,3.87537,0.088106,3.74871,4.00071,13.2091,0.088106,13.0824,13.3344,
5.1,13,3,3,6,6,5,0,0,0,0,0,0,0,0,0,0,0,0,8.333,0,8.333,8.333,0,0,0,0,7.11895,4.51897,4.21914,16.278,15.4519,4.51897,12.5521,24.611,
5.1,9,4,4,6,6,4,0,0,0,0,0,0,0,0,0,0,0,0,8.333,0,8.333,8.333,0,0,0,0,8.32859,4.23166,5.152,15.1751,16.6616,4.23166,13.485,23.5081,
5.1,12,4,4,6,6,6,0,0,0,0,0,0,0,0,0,0,0,0,8.333,0,8.333,8.333,0,0,0,0,3.13419,0.181702,2.93943,3.47314,11.4672,0.181702,11.2724,11.8061,
5.1,14,5,4,6,6,6,0,0,0,0,0,0,0,0,0,0,0,0,8.333,0,8.333,8.333,1.00072,0,1.00072,1.00072,5.3299,0.619416,4.63842,5.97242,14.6636,0.619416,13.9721,15.3061,
5.1,8,3,5,6,6,6,0,0,0,0,0,0,0,0,0,0,0,0,8.333,0,8.333,8.333,1.00072,0,1.00072,1.00072,3.65609,0.196755,3.48842,3.90642,12.9898,0.196755,12.8221,13.2401,
5.1,15,5,5,6,6,6,0,0,0,0,0,0,0,0,0,0,0,0,8.333,0,8.333,8.333,0,0,0,0,5.13847,0.762603,4.34714,6.34514,13.4715,0.762603,12.6801,14.6781,
5.1,19,5,5,6,6,6,0,0,0,0,0,0,0,0,0,0,0,0,8.333,0,8.333,8.333,0,0,0,0,4.00585,0.661178,3.63714,5.34943,12.3389,0.661178,11.9701,13.6824,
5.1,3,5,6,6,6,6,0,0,0,0,0,0,0,0,0,0,0,0,4.166,0,4.166,4.166,1.00072,0,1.00072,1.00072,4.1219,0.867483,3.47342,5.86428,9.28862,0.867483,8.64014,11.031,
5.2,1,2,7,6,6,6,0,0,0,0,0,0,0,0,0,0,0,0,4.166,0,4.166,4.166,5.00116,0,5.00116,5.00116,3.18164,0.314265,2.97298,3.80498,12.3488,0.314265,12.1401,12.9721,
5.2,7,3,7,6,6,6,0,0,0,0,0,0,0,0,0,0,0,0,4.166,0,4.166,4.166,5.00116,0,5.00116,5.00116,4.73241,0.267562,4.42984,5.11898,13.8996,0.267562,13.597,14.2861,
5.2,11,4,7,6,6,6,0,0,0,0,0,0,0,0,0,0,0,0,4.166,0,4.166,4.166,5.00116,0,5.00116,5.00116,5.49664,0.393335,5.16498,6.24498,14.6638,0.393335,14.3321,15.4121,
5.2,17,6,7,6,6,6,0,0,0,0,0,0,0,0,0,0,0,0,4.166,0,4.166,4.166,5.00116,0,5.00116,5.00116,4.44057,0.0689288,4.35526,4.55698,13.6077,0.0689288,13.5224,13.7241,
5.2,4,6,8,6,6,6,0,0,0,0,0,0,0,0,0,0,0,0,4.166,0,4.166,4.166,5.00116,0,5.00116,5.00116,4.16098,0.181373,3.95098,4.37098,13.3281,0.181373,13.1181,13.5381,
5.2,16,5,8,6,6,6,0,0,0,0,0,0,0,0,0,0,0,0,4.166,0,4.166,4.166,5.00116,0,5.00116,5.00116,4.8245,0.251298,4.48355,5.08012,13.9917,0.251298,13.6507,14.2473,
5.2,18,6,8,6,6,6,0,0,0,0,0,0,0,0,0,0,0,0,4.166,0,4.166,4.166,5.00116,0,5.00116,5.00116,3.14164,0.314265,2.93298,3.76498,12.3088,0.314265,12.1001,12.9321,
5.2,20,6,8,6,6,6,0,0,0,0,0,0,0,0,0,0,0,0,4.166,0,4.166,4.166,5.00116,0,5.00116,5.00116,3.23522,0.418903,2.93726,4.01926,12.4024,0.418903,12.1044,13.1864,
5.2,6,3,2,6,6,6,0,0,0,0,0,0,0,0,0,0,0,0,4.166,0,4.166,4.166,1.00072,0,1.00072,1.00072,3.43775,0.298182,3.18942,4.02142,8.60447,0.298182,8.35614,9.18814,
5.2,5,3,3,6,6,5,0,0,0,0,0,0,0,0,0,0,0,0,8.333,0,8.333,8.333,0,0,0,0,7.36485,3.63739,4.62114,14.6674,15.6979,3.63739,12.9541,23.0004,
5.2,10,4,3,6,6,6,0,0,0,0,0,0,0,0,0,0,0,0,8.333,0,8.333,8.333,1.00072,0,1.00072,1.00072,3.11747,0.474539,2.70642,4.00271,12.4512,0.474539,12.0401,13.3364,
5.2,13,3,3,6,5,4,0,0,0,0,0,0,0,0,0,0,0,0,8.333,0,8.333,8.333,0,0,0,0,8.95,4.11721,5.534,16.116,17.283,4.11721,13.867,24.449,
5.2,9,4,4,6,5,4,0,0,0,0,0,0,0,0,0,0,0,0,8.333,0,8.333,8.333,0,0,0,0,7.09,3.85427,4.74,13.906,15.423,3.85427,13.073,22.239,
5.2,12,4,4,6,6,6,0,0,0,0,0,0,0,0,0,0,0,0,8.333,0,8.333,8.333,0,0,0,0,3.14414,0.216439,2.97714,3.55914,11.4771,0.216439,11.3101,11.8921,
5.2,14,5,4,6,6,6,0,0,0,0,0,0,0,0,0,0,0,0,8.333,0,8.333,8.333,1.00072,0,1.00072,1.00072,5.44699,0.322734,4.95128,5.72642,14.7807,0.322734,14.285,15.0601,
5.2,8,3,5,6,6,6,0,0,0,0,0,0,0,0,0,0,0,0,8.333,0,8.333,8.333,1.00072,0,1.00072,1.00072,3.66009,0.196755,3.49242,3.91042,12.9938,0.196755,12.8261,13.2441,
5.2,15,5,5,6,6,6,0,0,0,0,0,0,0,0,0,0,0,0,8.333,0,8.333,8.333,0,0,0,0,4.67819,0.244339,4.34914,4.98143,13.0112,0.244339,12.6821,13.3144,
5.2,19,5,5,6,6,6,0,0,0,0,0,0,0,0,0,0,0,0,8.333,0,8.333,8.333,0,0,0,0,3.72414,0.0751399,3.63914,3.80914,12.0571,0.0751399,11.9721,12.1421,
5.2,3,5,6,6,6,6,0,0,0,0,0,0,0,0,0,0,0,0,4.166,0,4.166,4.166,1.00072,0,1.00072,1.00072,3.72709,0.197769,3.47542,3.89542,8.89381,0.197769,8.64214,9.06214,
5.3,1,2,7,6,6,6,0,0,0,0,0,0,0,0,0,0,0,0,4.166,0,4.166,4.166,5.00116,0,5.00116,5.00116,4.01898,0.555244,3.05898,4.64298,13.1861,0.555244,12.2261,13.8101,
5.3,7,3,7,6,6,6,0,0,0,0,0,0,0,0,0,0,0,0,4.166,0,4.166,4.166,5.00116,0,5.00116,5.00116,4.76022,0.350748,4.51584,5.43384,13.9274,0.350748,13.683,14.601,
5.3,11,4,7,6,6,6,0,0,0,0,0,0,0,0,0,0,0,0,4.166,0,4.166,4.166,5.00116,0,5.00116,5.00116,5.206,0.529777,4.41898,5.83498,14.3732,0.529777,13.5861,15.0021,
5.3,17,6,7,6,6,6,0,0,0,0,0,0,0,0,0,0,0,0,4.166,0,4.166,4.166,5.00116,0,5.00116,5.00116,4.51898,0.352556,4.30898,5.22698,13.6861,0.352556,13.4761,14.3941,
5.3,4,6,8,6,6,6,0,0,0,0,0,0,0,0,0,0,0,0,4.166,0,4.166,4.166,5.00116,0,5.00116,5.00116,4.12331,0.197769,3.95498,4.37498,13.2905,0.197769,13.1221,13.5421,
5.3,16,5,8,6,6,6,0,0,0,0,0,0,0,0,0,0,0,0,4.166,0,4.166,4.166,5.00116,0,5.00116,5.00116,5.79279,0.505463,5.40555,6.60926,14.9599,0.505463,14.5727,15.7764,
5.3,18,6,8,6,6,6,0,0,0,0,0,0,0,0,0,0,0,0,4.166,0,4.166,4.166,5.00116,0,5.00116,5.00116,3.02064,0.0742473,2.93698,3.10498,12.1878,0.0742473,12.1041,12.2721,
5.3,20,6,8,6,6,6,0,0,0,0,0,0,0,0,0,0,0,0,4.166,0,4.166,4.166,5.00116,0,5.00116,5.00116,3.02493,0.0742473,2.94126,3.10926,12.1921,0.0742473,12.1084,12.2764,
5.3,6,3,2,6,6,6,0,0,0,0,0,0,0,0,0,0,0,0,4.166,0,4.166,4.166,1.00072,0,1.00072,1.00072,3.60842,0.216439,3.44142,4.02342,8.77514,0.216439,8.60814,9.19014,
5.3,5,3,3,6,6,6,0,0,0,0,0,0,0,0,0,0,0,0,8.333,0,8.333,8.333,0,0,0,0,3.20219,0.389452,2.79314,3.87314,11.5352,0.389452,11.1261,12.2061,
5.3,10,4,3,6,6,6,0,0,0,0,0,0,0,0,0,0,0,0,8.333,0,8.333,8.333,1.00072,0,1.00072,1.00072,3.15718,0.217339,2.92471,3.37842,12.4909,0.217339,12.2584,12.7121,
5.3,13,3,3,6,7,6,0,0,0,0,0,0,0,0,0,0,0,0,8.333,0,8.333,8.333,0,0,0,0,5.92594,4.64956,3.72714,16.4341,14.2589,4.64956,12.0601,24.7671,
5.3,9,4,4,6,6,6,0,0,0,0,0,0,0,0,0,0,0,0,8.333,0,8.333,8.333,0,0,0,0,4.9229,0.398434,4.35314,5.41,13.2559,0.398434,12.6861,13.743,
5.3,12,4,4,6,6,6,0,0,0,0,0,0,0,0,0,0,0,0,8.333,0,8.333,8.333,0,0,0,0,2.85052,0.114118,2.73114,3.02743,11.1835,0.114118,11.0641,11.3604,
5.3,14,5,4,6,6,6,0,0,0,0,0,0,0,0,0,0,0,0,8.333,0,8.333,8.333,1.00072,0,1.00072,1.00072,6.03433,0.774151,5.31442,7.20528,15.368,0.774151,14.6481,16.539,
5.3,8,3,5,6,6,6,0,0,0,0,0,0,0,0,0,0,0,0,8.333,0,8.333,8.333,1.00072,0,1.00072,1.00072,3.80992,0.30271,3.49642,4.24842,13.1436,0.30271,12.8301,13.5821,
5.3,15,5,5,6,6,6,0,0,0,0,0,0,0,0,0,0,0,0,8.333,0,8.333,8.333,0,0,0,0,5.06314,0.481763,4.60514,5.85314,13.3961,0.481763,12.9381,14.1861,
5.3,19,5,5,6,6,6,0,0,0,0,0,0,0,0,0,0,0,0,8.333,0,8.333,8.333,0,0,0,0,3.72814,0.0751399,3.64314,3.81314,12.0611,0.0751399,11.9761,12.1461,
5.3,3,5,6,6,6,6,0,0,0,0,0,0,0,0,0,0,0,0,4.166,0,4.166,4.166,1.00072,0,1.00072,1.00072,3.73109,0.197769,3.47942,3.89942,8.89781,0.197769,8.64614,9.06614,
5.4,1,2,7,6,6,6,0,0,0,0,0,0,0,0,0,0,0,0,4.166,0,4.166,4.166,5.00116,0,5.00116,5.00116,3.60631,0.240754,3.39698,3.98298,12.7735,0.240754,12.5641,13.1501,
5.4,7,3,7,6,6,6,0,0,0,0,0,0,0,0,0,0,0,0,4.166,0,4.166,4.166,5.00116,0,5.00116,5.00116,5.03207,0.454477,4.60184,5.62898,14.1992,0.454477,13.769,14.7961,
5.4,11,4,7,6,6,6,0,0,0,0,0,0,0,0,0,0,0,0,4.166,0,4.166,4.166,5.00116,0,5.00116,5.00116,4.79631,0.287337,4.50298,5.33698,13.9635,0.287337,13.6701,14.5041,
5.4,17,6,7,6,6,6,0,0,0,0,0,0,0,0,0,0,0,0,4.166,0,4.166,4.166,5.00116,0,5.00116,5.00116,4.43964,0.156085,4.31298,4.73098,13.6068,0.156085,13.4801,13.8981,
5.4,4,6,8,6,6,6,0,0,0,0,0,0,0,0,0,0,0,0,4.166,0,4.166,4.166,5.00116,0,5.00116,5.00116,4.16898,0.27294,3.95898,4.62698,13.3361,0.27294,13.1261,13.7941,
5.4,16,5,8,6,6,6,0,0,0,0,0,0,0,0,0,0,0,0,4.166,0,4.166,4.166,5.00116,0,5.00116,5.00116,4.86822,0.407385,4.32555,5.32755,14.0354,0.407385,13.4927,14.4947,
5.4,18,6,8,6,6,6,0,0,0,0,0,0,0,0,0,0,0,0,4.166,0,4.166,4.166,5.00116,0,5.00116,5.00116,3.39964,0.385698,2.94298,3.94098,12.5668,0.385698,12.1101,13.1081,
5.4,20,6,8,6,6,6,0,0,0,0,0,0,0,0,0,0,0,0,4.166,0,4.166,4.166,5.00116,0,5.00116,5.00116,3.81464,0.566844,3.23298,4.56298,12.9818,0.566844,12.4001,13.7301,
5.4,6,3,2,6,6,6,0,0,0,0,0,0,0,0,0,0,0,0,4.166,0,4.166,4.166,1.00072,0,1.00072,1.00072,4.8148,0.114118,4.69542,4.99171,9.98152,0.114118,9.86214,10.1584,
5.4,5,3,3,6,6,6,0,0,0,0,0,0,0,0,0,0,0,0,8.333,0,8.333,8.333,0,0,0,0,3.86095,0.47931,3.12914,4.37714,12.1939,0.47931,11.4621,12.7101,
5.4,10,4,3,6,6,6,0,0,0,0,0,0,0,0,0,0,0,0,8.333,0,8.333,8.333,1.00072,0,1.00072,1.00072,3.86952,0.768087,3.29642,5.38042,13.2032,0.768087,12.6301,14.7141,
5.4,13,3,3,6,6,6,0,0,0,0,0,0,0,0,0,0,0,0,8.333,0,8.333,8.333,0,0,0,0,5.29166,0.831455,4.11343,6.31714,13.6247,0.831455,12.4464,14.6501,
5.4,9,4,4,6,6,6,0,0,0,0,0,0,0,0,0,0,0,0,8.333,0,8.333,8.333,0,0,0,0,4.68285,0.24883,4.498,5.164,13.0159,0.24883,12.831,13.497,
5.4,12,4,4,6,6,6,0,0,0,0,0,0,0,0,0,0,0,0,8.333,0,8.333,8.333,0,0,0,0,3.3069,0.294304,2.98714,3.65314,11.6399,0.294304,11.3201,11.9861,
5.4,14,5,4,6,6,6,0,0,0,0,0,0,0,0,0,0,0,0,8.333,0,8.333,8.333,1.00072,0,1.00072,1.00072,5.44904,0.358652,4.87928,5.79528,14.7828,0.358652,14.213,15.129,
5.4,8,3,5,6,6,6,0,0,0,0,0,0,0,0,0,0,0,0,8.333,0,8.333,8.333,1.00072,0,1.00072,1.00072,3.78713,0.19497,3.50242,3.96471,13.1209,0.19497,12.8361,13.2984,
5.4,15,5,5,6,6,6,0,0,0,0,0,0,0,0,0,0,0,0,8.333,0,8.333,8.333,0,0,0,0,4.64452,0.257007,4.27714,4.94314,12.9775,0.257007,12.6101,13.2761,
5.4,19,5,5,6,6,6,0,0,0,0,0,0,0,0,0,0,0,0,8.333,0,8.333,8.333,0,0,0,0,3.73214,0.0751399,3.64714,3.81714,12.0651,0.0751399,11.9801,12.1501,
5.4,3,5,6,6,6,6,0,0,0,0,0,0,0,0,0,0,0,0,4.166,0,4.166,4.166,1.00072,0,1.00072,1.00072,3.73509,0.197769,3.48342,3.90342,8.90181,0.197769,8.65014,9.07014,
5.5,1,2,7,6,6,6,0,0,0,0,0,0,0,0,0,0,0,0,4.166,0,4.166,4.166,5.00116,0,5.00116,5.00116,4.02698,0.514875,3.73498,5.06698,13.1941,0.514875,12.9021,14.2341,
5.5,7,3,7,6,6,6,0,0,0,0,0,0,0,0,0,0,0,0,4.166,0,4.166,4.166,5.00116,0,5.00116,5.00116,4.5956,0.038577,4.54698,4.63298,13.7628,0.038577,13.7141,13.8001,
5.5,11,4,7,6,6,6,0,0,0,0,0,0,0,0,0,0,0,0,4.166,0,4.166,4.166,5.00116,0,5.00116,5.00116,5.25864,0.616046,4.42698,5.92498,14.4258,0.616046,13.5941,15.0921,
5.5,17,6,7,6,6,6,0,0,0,0,0,0,0,0,0,0,0,0,4.166,0,4.166,4.166,5.00116,0,5.00116,5.00116,4.40198,0.0751399,4.31698,4.48698,13.5691,0.0751399,13.4841,13.6541,
5.5,4,6,8,6,6,6,0,0,0,0,0,0,0,0,0,0,0,0,4.166,0,4.166,4.166,5.00116,0,5.00116,5.00116,4.13131,0.197769,3.96298,4.38298,13.2985,0.197769,13.1301,13.5501,
5.5,16,5,8,6,6,6,0,0,0,0,0,0,0,0,0,0,0,0,4.166,0,4.166,4.166,5.00116,0,5.00116,5.00116,4.63412,0.591976,3.90098,5.51012,13.8013,0.591976,13.0681,14.6773,
5.5,18,6,8,6,6,6,0,0,0,0,0,0,0,0,0,0,0,0,4.166,0,4.166,4.166,5.00116,0,5.00116,5.00116,4.52864,0.453776,4.02698,5.27898,13.6958,0.453776,13.1941,14.4461,
5.5,20,6,8,6,6,5,0,0,0,0,0,0,0,0,0,0,0,0,4.166,0,4.166,4.166,5.00116,0,5.00116,5.00116,7.08055,3.99501,5.06698,15.2118,16.2477,3.99501,14.2341,24.379,
5.5,6,3,2,6,6,6,0,0,0,0,0,0,0,0,0,0,0,0,4.166,0,4.166,4.166,1.00072,0,1.00072,1.00072,4.78309,0.0742473,4.69942,4.86742,9.94981,0.0742473,9.86614,10.0341,
5.5,5,3,3,6,6,6,0,0,0,0,0,0,0,0,0,0,0,0,8.333,0,8.333,8.333,0,0,0,0,3.16257,0.397382,2.71714,3.63114,11.4956,0.397382,11.0501,11.9641,
5.5,10,4,3,6,6,6,0,0,0,0,0,0,0,0,0,0,0,0,8.333,0,8.333,8.333,1.00072,0,1.00072,1.00072,3.62352,0.657642,2.93471,4.82556,12.9572,0.657642,12.2684,14.1593,
5.5,13,3,3,6,6,6,0,0,0,0,0,0,0,0,0,0,0,0,8.333,0,8.333,8.333,0,0,0,0,3.85519,0.142006,3.73514,4.11543,12.1882,0.142006,12.0681,12.4484,
5.5,9,4,4,6,6,6,0,0,0,0,0,0,0,0,0,0,0,0,8.333,0,8.333,8.333,0,0,0,0,5.20471,0.595909,4.36114,6.002,13.5377,0.595909,12.6941,14.335,
5.5,14,5,4,6,6,6,0,0,0,0,0,0,0,0,0,0,0,0,8.333,0,8.333,8.333,1.00072,0,1.00072,1.00072,5.20899,0.545959,4.71328,6.04928,14.5427,0.545959,14.047,15.383,
5.5,8,3,5,6,6,6,0,0,0,0,0,0,0,0,0,0,0,0,8.333,0,8.333,8.333,1.00072,0,1.00072,1.00072,3.67209,0.196755,3.50442,3.92242,13.0058,0.196755,12.8381,13.2561,
5.5,15,5,5,6,6,6,0,0,0,0,0,0,0,0,0,0,0,0,8.333,0,8.333,8.333,0,0,0,0,4.48185,0.414574,4.11114,5.17928,12.8149,0.414574,12.4441,13.5123,
5.5,19,5,5,6,6,6,0,0,0,0,0,0,0,0,0,0,0,0,8.333,0,8.333,8.333,0,0,0,0,3.73614,0.0751399,3.65114,3.82114,12.0691,0.0751399,11.9841,12.1541,
5.5,3,5,6,6,6,6,0,0,0,0,0,0,0,0,0,0,0,0,4.166,0,4.166,4.166,1.00072,0,1.00072,1.00072,3.73909,0.197769,3.48742,3.90742,8.90581,0.197769,8.65414,9.07414,
