Time,ueId,assoCell,compCell,reqCount,taskCount,succCount,upWlMea,upWlStd,upWlMin,upWlMax,upWdMea,upWdStd,upWdMin,upWdMax,queMea,queStd,queMin,queMax,compMea, compStd, compMin, compMax,dnWdMea, dnWdStd, dnWdMin, dnWdMax,dnWlMea,dnWlStd, dnWlMin, dnWlMax,e2eMea,e2eStd,e2eMin,e2eMax
1.1,1,2,2,5,5,5,0,0,0,0,0,0,0,0,0,0,0,0,4.166,0,4.166,4.166,0,0,0,0,2.88414,0.224477,2.68414,3.26614,7.05014,0.224477,6.85014,7.43214,
1.1,23,2,3,6,5,5,0,0,0,0,0,0,0,0,0,0,0,0,4.166,0,4.166,4.166,1.00072,0,1.00072,1.00072,2.88342,0.224477,2.68342,3.26542,8.05014,0.224477,7.85014,8.43214,
1.1,20,5,4,6,6,6,0,0,0,0,0,0,0,0,0,0,0,0,4.166,0,4.166,4.166,1.00072,0,1.00072,1.00072,2.85042,0.216439,2.68342,3.26542,8.01714,0.216439,7.85014,8.43214,
1.1,4,2,5,6,6,6,0,0,0,0,0,0,0,0,0,0,0,0,4.166,0,4.166,4.166,1.00072,0,1.00072,1.00072,2.85042,0.216439,2.68342,3.26542,8.01714,0.216439,7.85014,8.43214,
1.1,8,3,6,6,5,5,0,0,0,0,0,0,0,0,0,0,0,0,4.166,0,4.166,4.166,1.00072,0,1.00072,1.00072,2.88342,0.224477,2.68342,3.26542,8.05014,0.224477,7.85014,8.43214,
1.2,1,2,2,6,6,6,0,0,0,0,0,0,0,0,0,0,0,0,4.166,0,4.166,4.166,0,0,0,0,2.77114,0.0751399,2.68614,2.85614,6.93714,0.0751399,6.85214,7.02214,
1.2,23,2,3,6,6,6,0,0,0,0,0,0,0,0,0,0,0,0,4.166,0,4.166,4.166,1.00072,0,1.00072,1.00072,2.77042,0.0751399,2.68542,2.85542,7.93714,0.0751399,7.85214,8.02214,
1.2,20,5,4,6,6,6,0,0,0,0,0,0,0,0,0,0,0,0,4.166,0,4.166,4.166,1.00072,0,1.00072,1.00072,2.77109,0.0742473,2.68742,2.85542,7.93781,0.0742473,7.85414,8.02214,
1.2,4,2,5,6,6,6,0,0,0,0,0,0,0,0,0,0,0,0,4.166,0,4.166,4.166,1.00072,0,1.00072,1.00072,2.77109,0.0742473,2.68742,2.85542,7.93781,0.0742473,7.85414,8.02214,
1.2,8,3,6,6,6,6,0,0,0,0,0,0,0,0,0,0,0,0,4.166,0,4.166,4.166,1.00072,0,1.00072,1.00072,2.77042,0.0751399,2.68542,2.85542,7.93714,0.0751399,7.85214,8.02214,
1.3,1,2,2,6,6,6,0,0,0,0,0,0,0,0,0,0,0,0,4.166,0,4.166,4.166,0,0,0,0,2.77514,0.0751399,2.69014,2.86014,6.94114,0.0751399,6.85614,7.02614,
1.3,23,2,3,6,6,6,0,0,0,0,0,0,0,0,0,0,0,0,4.166,0,4.166,4.166,1.00072,0,1.00072,1.00072,2.77442,0.0751399,2.68942,2.85942,7.94114,0.0751399,7.85614,8.02614,
1.3,20,5,4,6,6,6,0,0,0,0,0,0,0,0,0,0,0,0,4.166,0,4.166,4.166,1.00072,0,1.00072,1.00072,2.77509,0.0742473,2.69142,2.85942,7.94181,0.0742473,7.85814,8.02614,
1.3,4,2,5,6,6,6,0,0,0,0,0,0,0,0,0,0,0,0,4.166,0,4.166,4.166,1.00072,0,1.00072,1.00072,2.77509,0.0742473,2.69142,2.85942,7.94181,0.0742473,7.85814,8.02614,
1.3,8,3,6,6,6,6,0,0,0,0,0,0,0,0,0,0,0,0,4.166,0,4.166,4.166,1.00072,0,1.00072,1.00072,2.77442,0.0751399,2.68942,2.85942,7.94114,0.0751399,7.85614,8.02614,
1.4,1,2,2,6,6,6,0,0,0,0,0,0,0,0,0,0,0,0,4.166,0,4.166,4.166,0,0,0,0,2.77914,0.0751399,2.69414,2.86414,6.94514,0.0751399,6.86014,7.03014,
1.4,23,2,3,6,6,6,0,0,0,0,0,0,0,0,0,0,0,0,4.166,0,4.166,4.166,1.00072,0,1.00072,1.00072,2.77842,0.0751399,2.69342,2.86342,7.94514,0.0751399,7.86014,8.03014,
1.4,20,5,4,6,6,6,0,0,0,0,0,0,0,0,0,0,0,0,4.166,0,4.166,4.166,1.00072,0,1.00072,1.00072,2.77909,0.0742473,2.69542,2.86342,7.94581,0.0742473,7.86214,8.03014,
1.4,4,2,5,6,6,6,0,0,0,0,0,0,0,0,0,0,0,0,4.166,0,4.166,4.166,1.00072,0,1.00072,1.00072,2.77909,0.0742473,2.69542,2.86342,7.94581,0.0742473,7.86214,8.03014,
1.4,8,3,6,6,6,6,0,0,0,0,0,0,0,0,0,0,0,0,4.166,0,4.166,4.166,1.00072,0,1.00072,1.00072,2.77842,0.0751399,2.69342,2.86342,7.94514,0.0751399,7.86014,8.03014,
1.5,1,2,2,6,6,6,0,0,0,0,0,0,0,0,0,0,0,0,4.166,0,4.166,4.166,0,0,0,0,2.78314,0.0751399,2.69814,2.86814,6.94914,0.0751399,6.86414,7.03414,
1.5,20,5,4,6,6,6,0,0,0,0,0,0,0,0,0,0,0,0,4.166,0,4.166,4.166,1.00072,0,1.00072,1.00072,2.78309,0.0742473,2.69942,2.86742,7.94981,0.0742473,7.86614,8.03414,
1.5,4,2,5,6,6,6,0,0,0,0,0,0,0,0,0,0,0,0,4.166,0,4.166,4.166,1.00072,0,1.00072,1.00072,2.78309,0.0742473,2.69942,2.86742,7.94981,0.0742473,7.86614,8.03414,
1.5,8,3,6,6,6,6,0,0,0,0,0,0,0,0,0,0,0,0,4.166,0,4.166,4.166,1.00072,0,1.00072,1.00072,2.78242,0.0751399,2.69742,2.86742,7.94914,0.0751399,7.86414,8.03414,
1.6,11,4,7,6,5,5,0,0,0,0,0,0,0,0,0,0,0,0,4.166,0,4.166,4.166,5.00116,0,5.00116,5.00116,3.10441,0.216965,2.93298,3.47926,12.2716,0.216965,12.1001,12.6464,
1.6,14,4,8,5,5,5,0,0,0,0,0,0,0,0,0,0,0,0,4.166,0,4.166,4.166,5.00116,0,5.00116,5.00116,3.10441,0.216965,2.93298,3.47926,12.2716,0.216965,12.1001,12.6464,
1.6,25,6,8,6,5,5,0,0,0,0,0,0,0,0,0,0,0,0,4.166,0,4.166,4.166,5.00116,0,5.00116,5.00116,3.10441,0.216965,2.93298,3.47926,12.2716,0.216965,12.1001,12.6464,
1.6,1,2,2,6,6,6,0,0,0,0,0,0,0,0,0,0,0,0,4.166,0,4.166,4.166,0,0,0,0,3.70381,0.530201,2.70214,4.28614,7.86981,0.530201,6.86814,8.45214,
1.6,3,2,3,5,5,5,0,0,0,0,0,0,0,0,0,0,0,0,4.166,0,4.166,4.166,1.00072,0,1.00072,1.00072,3.98342,0.442595,3.68342,4.76542,9.15014,0.442595,8.85014,9.93214,
1.6,20,5,4,6,6,6,0,0,0,0,0,0,0,0,0,0,0,0,4.166,0,4.166,4.166,1.00072,0,1.00072,1.00072,4.0609,0.635535,2.78542,4.51228,9.22762,0.635535,7.95214,9.679,
1.6,4,2,5,6,5,5,0,0,0,0,0,0,0,0,0,0,0,0,7.4996,1.86354,4.166,8.333,1.00072,0,1.00072,1.00072,2.76982,0.0697481,2.70242,2.87042,11.2701,1.85611,7.95214,12.2041,
1.6,19,5,5,5,5,5,0,0,0,0,0,0,0,0,0,0,0,0,8.333,0,8.333,8.333,0,0,0,0,4.41714,0.387479,4.18314,5.09914,12.7501,0.387479,12.5161,13.4321,
1.6,8,3,6,6,6,6,0,0,0,0,0,0,0,0,0,0,0,0,4.166,0,4.166,4.166,1.00072,0,1.00072,1.00072,2.78642,0.0751399,2.70142,2.87142,7.95314,0.0751399,7.86814,8.03814,
1.7,11,4,7,6,6,6,0,0,0,0,0,0,0,0,0,0,0,0,4.166,0,4.166,4.166,5.00116,0,5.00116,5.00116,2.99617,0.0598845,2.93498,3.06926,12.1633,0.0598845,12.1021,12.2364,
1.7,14,4,8,6,6,6,0,0,0,0,0,0,0,0,0,0,0,0,4.166,0,4.166,4.166,5.00116,0,5.00116,5.00116,2.99617,0.0598845,2.93498,3.06926,12.1633,0.0598845,12.1021,12.2364,
1.7,25,6,8,6,6,6,0,0,0,0,0,0,0,0,0,0,0,0,4.166,0,4.166,4.166,5.00116,0,5.00116,5.00116,2.99617,0.0598845,2.93498,3.06926,12.1633,0.0598845,12.1021,12.2364,
1.7,1,2,2,6,6,6,0,0,0,0,0,0,0,0,0,0,0,0,4.166,0,4.166,4.166,0,0,0,0,3.79114,0.0751399,3.70614,3.87614,7.95714,0.0751399,7.87214,8.04214,
1.7,3,2,3,6,6,6,0,0,0,0,0,0,0,0,0,0,0,0,4.166,0,4.166,4.166,1.00072,0,1.00072,1.00072,3.77042,0.0751399,3.68542,3.85542,8.93714,0.0751399,8.85214,9.02214,
1.7,20,5,4,6,6,6,0,0,0,0,0,0,0,0,0,0,0,0,4.166,0,4.166,4.166,1.00072,0,1.00072,1.00072,4.29109,0.0742473,4.20742,4.37542,9.45781,0.0742473,9.37414,9.54214,
1.7,4,2,5,6,6,6,0,0,0,0,0,0,0,0,0,0,0,0,8.333,0,8.333,8.333,1.00072,0,1.00072,1.00072,2.79009,0.0742473,2.70642,2.87442,12.1238,0.0742473,12.0401,12.2081,
1.7,19,5,5,6,6,6,0,0,0,0,0,0,0,0,0,0,0,0,8.333,0,8.333,8.333,0,0,0,0,4.27081,0.0742473,4.18714,4.35514,12.6038,0.0742473,12.5201,12.6881,
1.7,8,3,6,6,6,6,0,0,0,0,0,0,0,0,0,0,0,0,4.166,0,4.166,4.166,1.00072,0,1.00072,1.00072,2.79042,0.0751399,2.70542,2.87542,7.95714,0.0751399,7.87214,8.04214,
1.8,11,4,7,6,6,6,0,0,0,0,0,0,0,0,0,0,0,0,4.166,0,4.166,4.166,5.00116,0,5.00116,5.00116,2.99719,0.0637345,2.92312,3.07326,12.1644,0.0637345,12.0903,12.2404,
1.8,14,4,8,6,6,6,0,0,0,0,0,0,0,0,0,0,0,0,4.166,0,4.166,4.166,5.00116,0,5.00116,5.00116,2.99719,0.0637345,2.92312,3.07326,12.1644,0.0637345,12.0903,12.2404,
1.8,25,6,8,6,6,6,0,0,0,0,0,0,0,0,0,0,0,0,4.166,0,4.166,4.166,5.00116,0,5.00116,5.00116,2.99719,0.0637345,2.92312,3.07326,12.1644,0.0637345,12.0903,12.2404,
1.8,1,2,2,6,6,6,0,0,0,0,0,0,0,0,0,0,0,0,4.166,0,4.166,4.166,0,0,0,0,3.79514,0.0751399,3.71014,3.88014,7.96114,0.0751399,7.87614,8.04614,
1.8,3,2,3,6,6,6,0,0,0,0,0,0,0,0,0,0,0,0,4.166,0,4.166,4.166,1.00072,0,1.00072,1.00072,3.77442,0.0751399,3.68942,3.85942,8.94114,0.0751399,8.85614,9.02614,
1.8,20,5,4,6,6,6,0,0,0,0,0,0,0,0,0,0,0,0,4.166,0,4.166,4.166,1.00072,0,1.00072,1.00072,4.29509,0.0742473,4.21142,4.37942,9.46181,0.0742473,9.37814,9.54614,
1.8,4,2,5,6,6,6,0,0,0,0,0,0,0,0,0,0,0,0,8.333,0,8.333,8.333,1.00072,0,1.00072,1.00072,2.79409,0.0742473,2.71042,2.87842,12.1278,0.0742473,12.0441,12.2121,
1.8,19,5,5,6,6,6,0,0,0,0,0,0,0,0,0,0,0,0,8.333,0,8.333,8.333,0,0,0,0,4.27481,0.0742473,4.19114,4.35914,12.6078,0.0742473,12.5241,12.6921,
1.8,8,3,6,6,6,6,0,0,0,0,0,0,0,0,0,0,0,0,4.166,0,4.166,4.166,1.00072,0,1.00072,1.00072,2.79442,0.0751399,2.70942,2.87942,7.96114,0.0751399,7.87614,8.04614,
1.9,11,4,7,6,6,6,0,0,0,0,0,0,0,0,0,0,0,0,4.166,0,4.166,4.166,5.00116,0,5.00116,5.00116,2.99226,0.0751399,2.90726,3.07726,12.1594,0.0751399,12.0744,12.2444,
1.9,14,4,8,6,6,6,0,0,0,0,0,0,0,0,0,0,0,0,4.166,0,4.166,4.166,5.00116,0,5.00116,5.00116,2.99226,0.0751399,2.90726,3.07726,12.1594,0.0751399,12.0744,12.2444,
1.9,25,6,8,6,6,6,0,0,0,0,0,0,0,0,0,0,0,0,4.166,0,4.166,4.166,5.00116,0,5.00116,5.00116,2.99226,0.0751399,2.90726,3.07726,12.1594,0.0751399,12.0744,12.2444,
1.9,1,2,2,6,6,6,0,0,0,0,0,0,0,0,0,0,0,0,4.166,0,4.166,4.166,0,0,0,0,3.79914,0.0751399,3.71414,3.88414,7.96514,0.0751399,7.88014,8.05014,
1.9,3,2,3,6,6,6,0,0,0,0,0,0,0,0,0,0,0,0,4.166,0,4.166,4.166,1.00072,0,1.00072,1.00072,3.77842,0.0751399,3.69342,3.86342,8.94514,0.0751399,8.86014,9.03014,
1.9,20,5,4,6,6,6,0,0,0,0,0,0,0,0,0,0,0,0,4.166,0,4.166,4.166,1.00072,0,1.00072,1.00072,4.29909,0.0742473,4.21542,4.38342,9.46581,0.0742473,9.38214,9.55014,
1.9,4,2,5,6,6,6,0,0,0,0,0,0,0,0,0,0,0,0,8.333,0,8.333,8.333,1.00072,0,1.00072,1.00072,2.79809,0.0742473,2.71442,2.88242,12.1318,0.0742473,12.0481,12.2161,
1.9,19,5,5,6,6,6,0,0,0,0,0,0,0,0,0,0,0,0,8.333,0,8.333,8.333,0,0,0,0,4.27881,0.0742473,4.19514,4.36314,12.6118,0.0742473,12.5281,12.6961,
1.9,8,3,6,6,6,6,0,0,0,0,0,0,0,0,0,0,0,0,4.166,0,4.166,4.166,1.00072,0,1.00072,1.00072,2.79842,0.0751399,2.71342,2.88342,7.96514,0.0751399,7.88014,8.05014,
2,11,4,7,6,6,6,0,0,0,0,0,0,0,0,0,0,0,0,4.166,0,4.166,4.166,5.00116,0,5.00116,5.00116,2.99626,0.0751399,2.91126,3.08126,12.1634,0.0751399,12.0784,12.2484,
2,14,4,8,6,6,6,0,0,0,0,0,0,0,0,0,0,0,0,4.166,0,4.166,4.166,5.00116,0,5.00116,5.00116,2.99626,0.0751399,2.91126,3.08126,12.1634,0.0751399,12.0784,12.2484,
2,25,6,8,6,6,6,0,0,0,0,0,0,0,0,0,0,0,0,4.166,0,4.166,4.166,5.00116,0,5.00116,5.00116,2.99626,0.0751399,2.91126,3.08126,12.1634,0.0751399,12.0784,12.2484,
2,1,2,2,6,6,6,0,0,0,0,0,0,0,0,0,0,0,0,4.166,0,4.166,4.166,0,0,0,0,3.80314,0.0751399,3.71814,3.88814,7.96914,0.0751399,7.88414,8.05414,
2,3,2,3,6,6,6,0,0,0,0,0,0,0,0,0,0,0,0,4.166,0,4.166,4.166,1.00072,0,1.00072,1.00072,3.78242,0.0751399,3.69742,3.86742,8.94914,0.0751399,8.86414,9.03414,
2,20,5,4,6,6,6,0,0,0,0,0,0,0,0,0,0,0,0,4.166,0,4.166,4.166,1.00072,0,1.00072,1.00072,2.80309,0.0742473,2.71942,2.88742,7.96981,0.0742473,7.88614,8.05414,
2,19,5,5,6,6,6,0,0,0,0,0,0,0,0,0,0,0,0,4.166,0,4.166,4.166,0,0,0,0,2.78314,0.0751399,2.69814,2.86814,6.94914,0.0751399,6.86414,7.03414,
2,8,3,6,6,6,6,0,0,0,0,0,0,0,0,0,0,0,0,4.166,0,4.166,4.166,1.00072,0,1.00072,1.00072,2.80242,0.0751399,2.71742,2.88742,7.96914,0.0751399,7.88414,8.05414,
2.1,6,3,7,5,5,5,0,0,0,0,0,0,0,0,0,0,0,0,4.166,0,4.166,4.166,5.00116,0,5.00116,5.00116,4.06155,0.476716,3.76698,4.90784,13.2287,0.476716,12.9341,14.075,
2.1,11,4,7,6,6,6,0,0,0,0,0,0,0,0,0,0,0,0,4.166,0,4.166,4.166,5.00116,0,5.00116,5.00116,3.00026,0.0751399,2.91526,3.08526,12.1674,0.0751399,12.0824,12.2524,
2.1,15,4,7,6,5,5,0,0,0,0,0,0,0,0,0,0,0,0,4.166,0,4.166,4.166,5.06403,0,5.06403,5.06403,3.08439,0.194654,2.91839,3.41639,12.3144,0.194654,12.1484,12.6464,
2.1,16,5,7,5,5,5,0,0,0,0,0,0,0,0,0,0,0,0,4.166,0,4.166,4.166,5.00116,0,5.00116,5.00116,4.43298,0.362478,4.01698,5.01498,13.6001,0.362478,13.1841,14.1821,
2.1,2,2,8,5,5,5,0,0,0,0,0,0,0,0,0,0,0,0,4.166,0,4.166,4.166,5.00221,0,5.00221,5.00221,3.83193,0.123045,3.68193,4.01393,13.0001,0.123045,12.8501,13.1821,
2.1,7,3,8,5,5,5,0,0,0,0,0,0,0,0,0,0,0,0,4.166,0,4.166,4.166,5.00116,0,5.00116,5.00116,4.20441,0.318818,3.98126,4.76498,13.3716,0.318818,13.1484,13.9321,
2.1,14,4,8,6,6,6,0,0,0,0,0,0,0,0,0,0,0,0,4.166,0,4.166,4.166,5.00116,0,5.00116,5.00116,3.00026,0.0751399,2.91526,3.08526,12.1674,0.0751399,12.0824,12.2524,
2.1,25,6,8,6,6,6,0,0,0,0,0,0,0,0,0,0,0,0,4.166,0,4.166,4.166,5.00116,0,5.00116,5.00116,3.00026,0.0751399,2.91526,3.08526,12.1674,0.0751399,12.0824,12.2524,
2.1,1,2,2,6,6,6,0,0,0,0,0,0,0,0,0,0,0,0,4.166,0,4.166,4.166,0,0,0,0,4.41428,0.379448,3.72214,4.699,8.58028,0.379448,7.88814,8.865,
2.1,3,2,3,6,6,6,0,0,0,0,0,0,0,0,0,0,0,0,4.166,0,4.166,4.166,1.00072,0,1.00072,1.00072,3.78642,0.0751399,3.70142,3.87142,8.95314,0.0751399,8.86814,9.03814,
2.1,20,5,4,6,6,6,0,0,0,0,0,0,0,0,0,0,0,0,4.166,0,4.166,4.166,1.00072,0,1.00072,1.00072,4.03923,0.619087,2.80542,4.53228,9.20595,0.619087,7.97214,9.699,
2.1,19,5,5,6,6,6,0,0,0,0,0,0,0,0,0,0,0,0,4.166,0,4.166,4.166,0,0,0,0,2.78714,0.0751399,2.70214,2.87214,6.95314,0.0751399,6.86814,7.03814,
2.1,8,3,6,6,6,6,0,0,0,0,0,0,0,0,0,0,0,0,4.166,0,4.166,4.166,1.00072,0,1.00072,1.00072,2.80642,0.0751399,2.72142,2.89142,7.97314,0.0751399,7.88814,8.05814,
2.2,6,3,7,6,6,6,0,0,0,0,0,0,0,0,0,0,0,0,4.166,0,4.166,4.166,5.00116,0,5.00116,5.00116,3.85331,0.0742473,3.76898,3.93698,13.0205,0.0742473,12.9361,13.1041,
2.2,11,4,7,6,6,6,0,0,0,0,0,0,0,0,0,0,0,0,4.166,0,4.166,4.166,5.00116,0,5.00116,5.00116,3.00426,0.0751399,2.91926,3.08926,12.1714,0.0751399,12.0864,12.2564,
2.2,15,4,7,6,6,6,0,0,0,0,0,0,0,0,0,0,0,0,4.166,0,4.166,4.166,5.06403,0,5.06403,5.06403,3.00473,0.0742473,2.92039,3.08839,12.2348,0.0742473,12.1504,12.3184,
2.2,16,5,7,6,6,6,0,0,0,0,0,0,0,0,0,0,0,0,4.166,0,4.166,4.166,5.00116,0,5.00116,5.00116,4.22831,0.180451,4.01898,4.43498,13.3955,0.180451,13.1861,13.6021,
2.2,2,2,8,6,6,6,0,0,0,0,0,0,0,0,0,0,0,0,4.166,0,4.166,4.166,5.00221,0,5.00221,5.00221,3.76893,0.0751399,3.68393,3.85393,12.9371,0.0751399,12.8521,13.0221,
2.2,7,3,8,6,6,6,0,0,0,0,0,0,0,0,0,0,0,0,4.166,0,4.166,4.166,5.00116,0,5.00116,5.00116,3.99617,0.0598845,3.93498,4.06926,13.1633,0.0598845,13.1021,13.2364,
2.2,14,4,8,6,6,6,0,0,0,0,0,0,0,0,0,0,0,0,4.166,0,4.166,4.166,5.00116,0,5.00116,5.00116,3.00426,0.0751399,2.91926,3.08926,12.1714,0.0751399,12.0864,12.2564,
2.2,25,6,8,6,6,6,0,0,0,0,0,0,0,0,0,0,0,0,4.166,0,4.166,4.166,5.00116,0,5.00116,5.00116,3.00426,0.0751399,2.91926,3.08926,12.1714,0.0751399,12.0864,12.2564,
2.2,1,2,2,6,6,6,0,0,0,0,0,0,0,0,0,0,0,0,4.166,0,4.166,4.166,0,0,0,0,4.56114,0.0751399,4.47614,4.64614,8.72714,0.0751399,8.64214,8.81214,
2.2,3,2,3,6,6,6,0,0,0,0,0,0,0,0,0,0,0,0,4.166,0,4.166,4.166,1.00072,0,1.00072,1.00072,3.79042,0.0751399,3.70542,3.87542,8.95714,0.0751399,8.87214,9.04214,
2.2,20,5,4,6,6,6,0,0,0,0,0,0,0,0,0,0,0,0,4.166,0,4.166,4.166,1.00072,0,1.00072,1.00072,4.22775,0.0742473,4.14342,4.31142,9.39447,0.0742473,9.31014,9.47814,
2.2,19,5,5,6,6,6,0,0,0,0,0,0,0,0,0,0,0,0,4.166,0,4.166,4.166,0,0,0,0,2.79114,0.0751399,2.70614,2.87614,6.95714,0.0751399,6.87214,7.04214,
2.2,8,3,6,6,6,6,0,0,0,0,0,0,0,0,0,0,0,0,4.166,0,4.166,4.166,1.00072,0,1.00072,1.00072,2.81042,0.0751399,2.72542,2.89542,7.97714,0.0751399,7.89214,8.06214,
2.3,6,3,7,6,6,6,0,0,0,0,0,0,0,0,0,0,0,0,4.166,0,4.166,4.166,5.00116,0,5.00116,5.00116,3.81564,0.0869636,3.69098,3.93898,12.9828,0.0869636,12.8581,13.1061,
2.3,11,4,7,6,6,6,0,0,0,0,0,0,0,0,0,0,0,0,4.166,0,4.166,4.166,5.00116,0,5.00116,5.00116,3.00826,0.0751399,2.92326,3.09326,12.1754,0.0751399,12.0904,12.2604,
2.3,15,4,7,6,6,6,0,0,0,0,0,0,0,0,0,0,0,0,4.166,0,4.166,4.166,5.06403,0,5.06403,5.06403,3.00873,0.0742473,2.92439,3.09239,12.2388,0.0742473,12.1544,12.3224,
2.3,16,5,7,6,6,6,0,0,0,0,0,0,0,0,0,0,0,0,4.166,0,4.166,4.166,5.00116,0,5.00116,5.00116,4.19064,0.149374,4.02298,4.35898,13.3578,0.149374,13.1901,13.5261,
2.3,2,2,8,6,6,6,0,0,0,0,0,0,0,0,0,0,0,0,4.166,0,4.166,4.166,5.00221,0,5.00221,5.00221,3.77293,0.0751399,3.68793,3.85793,12.9411,0.0751399,12.8561,13.0261,
2.3,7,3,8,6,6,6,0,0,0,0,0,0,0,0,0,0,0,0,4.166,0,4.166,4.166,5.00116,0,5.00116,5.00116,3.99719,0.0637345,3.92312,4.07326,13.1644,0.0637345,13.0903,13.2404,
2.3,14,4,8,6,6,6,0,0,0,0,0,0,0,0,0,0,0,0,4.166,0,4.166,4.166,5.00116,0,5.00116,5.00116,3.00826,0.0751399,2.92326,3.09326,12.1754,0.0751399,12.0904,12.2604,
2.3,25,6,8,6,6,6,0,0,0,0,0,0,0,0,0,0,0,0,4.166,0,4.166,4.166,5.00116,0,5.00116,5.00116,3.00826,0.0751399,2.92326,3.09326,12.1754,0.0751399,12.0904,12.2604,
2.3,1,2,2,6,6,6,0,0,0,0,0,0,0,0,0,0,0,0,4.166,0,4.166,4.166,0,0,0,0,4.56514,0.0751399,4.48014,4.65014,8.73114,0.0751399,8.64614,8.81614,
2.3,3,2,3,6,6,6,0,0,0,0,0,0,0,0,0,0,0,0,4.166,0,4.166,4.166,1.00072,0,1.00072,1.00072,3.79442,0.0751399,3.70942,3.87942,8.96114,0.0751399,8.87614,9.04614,
2.3,20,5,4,6,6,6,0,0,0,0,0,0,0,0,0,0,0,0,4.166,0,4.166,4.166,1.00072,0,1.00072,1.00072,4.23175,0.0742473,4.14742,4.31542,9.39847,0.0742473,9.31414,9.48214,
2.3,19,5,5,6,6,6,0,0,0,0,0,0,0,0,0,0,0,0,4.166,0,4.166,4.166,0,0,0,0,2.79514,0.0751399,2.71014,2.88014,6.96114,0.0751399,6.87614,7.04614,
2.3,8,3,6,6,6,6,0,0,0,0,0,0,0,0,0,0,0,0,4.166,0,4.166,4.166,1.00072,0,1.00072,1.00072,2.81442,0.0751399,2.72942,2.89942,7.98114,0.0751399,7.89614,8.06614,
2.4,6,3,7,6,6,6,0,0,0,0,0,0,0,0,0,0,0,0,4.166,0,4.166,4.166,5.00116,0,5.00116,5.00116,3.77798,0.0751399,3.69298,3.86298,12.9451,0.0751399,12.8601,13.0301,
2.4,11,4,7,6,6,6,0,0,0,0,0,0,0,0,0,0,0,0,4.166,0,4.166,4.166,5.00116,0,5.00116,5.00116,3.01226,0.0751399,2.92726,3.09726,12.1794,0.0751399,12.0944,12.2644,
2.4,15,4,7,6,6,6,0,0,0,0,0,0,0,0,0,0,0,0,4.166,0,4.166,4.166,5.06403,0,5.06403,5.06403,3.01273,0.0742473,2.92839,3.09639,12.2428,0.0742473,12.1584,12.3264,
2.4,16,5,7,6,6,6,0,0,0,0,0,0,0,0,0,0,0,0,4.166,0,4.166,4.166,5.00116,0,5.00116,5.00116,4.19464,0.149374,4.02698,4.36298,13.3618,0.149374,13.1941,13.5301,
2.4,2,2,8,6,6,6,0,0,0,0,0,0,0,0,0,0,0,0,4.166,0,4.166,4.166,5.00221,0,5.00221,5.00221,3.77693,0.0751399,3.69193,3.86193,12.9451,0.0751399,12.8601,13.0301,
2.4,7,3,8,6,6,6,0,0,0,0,0,0,0,0,0,0,0,0,4.166,0,4.166,4.166,5.00116,0,5.00116,5.00116,3.99226,0.0751399,3.90726,4.07726,13.1594,0.0751399,13.0744,13.2444,
2.4,14,4,8,6,6,6,0,0,0,0,0,0,0,0,0,0,0,0,4.166,0,4.166,4.166,5.00116,0,5.00116,5.00116,3.01226,0.0751399,2.92726,3.09726,12.1794,0.0751399,12.0944,12.2644,
2.4,25,6,8,6,6,6,0,0,0,0,0,0,0,0,0,0,0,0,4.166,0,4.166,4.166,5.00116,0,5.00116,5.00116,3.01226,0.0751399,2.92726,3.09726,12.1794,0.0751399,12.0944,12.2644,
2.4,1,2,2,6,6,6,0,0,0,0,0,0,0,0,0,0,0,0,4.166,0,4.166,4.166,0,0,0,0,4.56914,0.0751399,4.48414,4.65414,8.73514,0.0751399,8.65014,8.82014,
2.4,3,2,3,6,6,6,0,0,0,0,0,0,0,0,0,0,0,0,4.166,0,4.166,4.166,1.00072,0,1.00072,1.00072,3.79842,0.0751399,3.71342,3.88342,8.96514,0.0751399,8.88014,9.05014,
2.4,20,5,4,6,6,6,0,0,0,0,0,0,0,0,0,0,0,0,4.166,0,4.166,4.166,1.00072,0,1.00072,1.00072,4.23575,0.0742473,4.15142,4.31942,9.40247,0.0742473,9.31814,9.48614,
2.4,19,5,5,6,6,6,0,0,0,0,0,0,0,0,0,0,0,0,4.166,0,4.166,4.166,0,0,0,0,2.79914,0.0751399,2.71414,2.88414,6.96514,0.0751399,6.88014,7.05014,
2.4,8,3,6,6,6,6,0,0,0,0,0,0,0,0,0,0,0,0,4.166,0,4.166,4.166,1.00072,0,1.00072,1.00072,2.81842,0.0751399,2.73342,2.90342,7.98514,0.0751399,7.90014,8.07014,
2.5,6,3,7,6,6,6,0,0,0,0,0,0,0,0,0,0,0,0,4.166,0,4.166,4.166,5.00116,0,5.00116,5.00116,3.78198,0.0751399,3.69698,3.86698,12.9491,0.0751399,12.8641,13.0341,
2.5,11,4,7,6,6,6,0,0,0,0,0,0,0,0,0,0,0,0,4.166,0,4.166,4.166,5.00116,0,5.00116,5.00116,3.01626,0.0751399,2.93126,3.10126,12.1834,0.0751399,12.0984,12.2684,
2.5,15,4,7,6,6,6,0,0,0,0,0,0,0,0,0,0,0,0,4.166,0,4.166,4.166,5.06403,0,5.06403,5.06403,3.01673,0.0742473,2.93239,3.10039,12.2468,0.0742473,12.1624,12.3304,
2.5,16,5,7,6,6,6,0,0,0,0,0,0,0,0,0,0,0,0,4.166,0,4.166,4.166,5.00116,0,5.00116,5.00116,4.11531,0.197769,3.94698,4.36698,13.2825,0.197769,13.1141,13.5341,
2.5,2,2,8,6,6,6,0,0,0,0,0,0,0,0,0,0,0,0,4.166,0,4.166,4.166,5.00221,0,5.00221,5.00221,3.78093,0.0751399,3.69593,3.86593,12.9491,0.0751399,12.8641,13.0341,
2.5,7,3,8,6,6,6,0,0,0,0,0,0,0,0,0,0,0,0,4.166,0,4.166,4.166,5.00116,0,5.00116,5.00116,3.99626,0.0751399,3.91126,4.08126,13.1634,0.0751399,13.0784,13.2484,
2.5,25,6,8,6,6,6,0,0,0,0,0,0,0,0,0,0,0,0,4.166,0,4.166,4.166,5.00116,0,5.00116,5.00116,3.01626,0.0751399,2.93126,3.10126,12.1834,0.0751399,12.0984,12.2684,
2.5,1,2,2,6,6,6,0,0,0,0,0,0,0,0,0,0,0,0,4.166,0,4.166,4.166,0,0,0,0,4.57314,0.0751399,4.48814,4.65814,8.73914,0.0751399,8.65414,8.82414,
2.5,3,2,3,6,6,6,0,0,0,0,0,0,0,0,0,0,0,0,4.166,0,4.166,4.166,1.00072,0,1.00072,1.00072,3.80242,0.0751399,3.71742,3.88742,8.96914,0.0751399,8.88414,9.05414,
2.5,20,5,4,6,6,6,0,0,0,0,0,0,0,0,0,0,0,0,4.166,0,4.166,4.166,1.00072,0,1.00072,1.00072,4.22487,0.0558257,4.15542,4.28571,9.39159,0.0558257,9.32214,9.45243,
2.5,19,5,5,6,6,6,0,0,0,0,0,0,0,0,0,0,0,0,4.166,0,4.166,4.166,0,0,0,0,2.80314,0.0751399,2.71814,2.88814,6.96914,0.0751399,6.88414,7.05414,
2.5,8,3,6,6,6,6,0,0,0,0,0,0,0,0,0,0,0,0,4.166,0,4.166,4.166,1.00072,0,1.00072,1.00072,2.82242,0.0751399,2.73742,2.90742,7.98914,0.0751399,7.90414,8.07414,
2.6,6,3,7,6,6,6,0,0,0,0,0,0,0,0,0,0,0,0,4.166,0,4.166,4.166,5.00116,0,5.00116,5.00116,3.78598,0.0751399,3.70098,3.87098,12.9531,0.0751399,12.8681,13.0381,
2.6,11,4,7,6,6,6,0,0,0,0,0,0,0,0,0,0,0,0,4.166,0,4.166,4.166,5.00116,0,5.00116,5.00116,3.94288,0.772531,2.93526,4.78184,13.11,0.772531,12.1024,13.949,
2.6,15,4,7,6,6,6,0,0,0,0,0,0,0,0,0,0,0,0,4.166,0,4.166,4.166,5.06403,0,5.06403,5.06403,3.59215,0.61838,2.97411,4.22211,12.8222,0.61838,12.2041,13.4521,
2.6,16,5,7,6,6,6,0,0,0,0,0,0,0,0,0,0,0,0,4.166,0,4.166,4.166,5.00116,0,5.00116,5.00116,4.20264,0.25281,3.95098,4.53498,13.3698,0.25281,13.1181,13.7021,
2.6,2,2,8,6,6,6,0,0,0,0,0,0,0,0,0,0,0,0,4.166,0,4.166,4.166,5.00221,0,5.00221,5.00221,3.13017,0.286047,2.91621,3.69993,12.2984,0.286047,12.0844,12.8681,
2.6,4,2,8,5,4,4,0,0,0,0,0,0,0,0,0,0,0,0,4.166,0,4.166,4.166,5.00116,0,5.00116,5.00116,3.11419,0.249252,2.93298,3.47926,12.2814,0.249252,12.1001,12.6464,
2.6,7,3,8,6,6,6,0,0,0,0,0,0,0,0,0,0,0,0,4.166,0,4.166,4.166,5.00116,0,5.00116,5.00116,4.00026,0.0751399,3.91526,4.08526,13.1674,0.0751399,13.0824,13.2524,
2.6,25,6,8,6,6,6,0,0,0,0,0,0,0,0,0,0,0,0,4.166,0,4.166,4.166,5.00116,0,5.00116,5.00116,3.02026,0.0751399,2.93526,3.10526,12.1874,0.0751399,12.1024,12.2724,
2.6,1,2,2,6,6,6,0,0,0,0,0,0,0,0,0,0,0,0,7.6385,1.70117,4.166,8.333,0,0,0,0,3.10464,0.683776,2.74314,4.49214,10.7431,1.02413,8.65814,11.2441,
2.6,13,4,2,5,4,4,0,0,0,0,0,0,0,0,0,0,0,0,8.333,0,8.333,8.333,1.00072,0,1.00072,1.00072,4.47442,0.421616,4.18242,5.09842,13.8081,0.421616,13.5161,14.4321,
2.6,18,5,2,6,5,5,0,0,0,0,0,0,0,0,0,0,0,0,8.333,0,8.333,8.333,1.00072,0,1.00072,1.00072,3.71642,0.224477,3.51642,4.09842,13.0501,0.224477,12.8501,13.4321,
2.6,3,2,3,6,6,6,0,0,0,0,0,0,0,0,0,0,0,0,4.166,0,4.166,4.166,1.00072,0,1.00072,1.00072,2.97309,0.371904,2.72342,3.72142,8.13981,0.371904,7.89014,8.88814,
2.6,20,5,4,6,6,6,0,0,0,0,0,0,0,0,0,0,0,0,4.166,0,4.166,4.166,1.00072,0,1.00072,1.00072,4.23482,0.111539,4.07742,4.40942,9.40154,0.111539,9.24414,9.57614,
2.6,19,5,5,6,6,6,0,0,0,0,0,0,0,0,0,0,0,0,4.166,0,4.166,4.166,0,0,0,0,3.49762,0.428408,2.72214,3.89214,7.66362,0.428408,6.88814,8.05814,
2.6,5,2,6,6,5,5,0,0,0,0,0,0,0,0,0,0,0,0,8.333,0,8.333,8.333,1.00072,0,1.00072,1.00072,2.86642,0.278191,2.68242,3.34842,12.2001,0.278191,12.0161,12.6821,
2.6,8,3,6,6,6,6,0,0,0,0,0,0,0,0,0,0,0,0,7.6385,1.70117,4.166,8.333,1.00072,0,1.00072,1.00072,2.81225,0.0819522,2.74142,2.91042,11.4515,1.73746,7.90814,12.2441,
2.6,23,6,6,6,5,5,0,0,0,0,0,0,0,0,0,0,0,0,8.333,0,8.333,8.333,0,0,0,0,2.86714,0.278191,2.68314,3.34914,11.2001,0.278191,11.0161,11.6821,
2.7,6,3,7,6,6,6,0,0,0,0,0,0,0,0,0,0,0,0,4.166,0,4.166,4.166,5.00116,0,5.00116,5.00116,3.78998,0.0751399,3.70498,3.87498,12.9571,0.0751399,12.8721,13.0421,
2.7,11,4,7,6,6,6,0,0,0,0,0,0,0,0,0,0,0,0,4.166,0,4.166,4.166,5.00116,0,5.00116,5.00116,4.30998,0.0751399,4.22498,4.39498,13.4771,0.0751399,13.3921,13.5621,
2.7,15,4,7,6,6,6,0,0,0,0,0,0,0,0,0,0,0,0,4.166,0,4.166,4.166,5.06403,0,5.06403,5.06403,3.03068,0.0830175,2.94039,3.14211,12.2607,0.0830175,12.1704,12.3721,
2.7,16,5,7,6,6,6,0,0,0,0,0,0,0,0,0,0,0,0,4.166,0,4.166,4.166,5.00116,0,5.00116,5.00116,4.12331,0.197769,3.95498,4.37498,13.2905,0.197769,13.1221,13.5421,
2.7,2,2,8,6,6,6,0,0,0,0,0,0,0,0,0,0,0,0,4.166,0,4.166,4.166,5.00221,0,5.00221,5.00221,3.00321,0.0751399,2.91822,3.08821,12.1714,0.0751399,12.0864,12.2564,
2.7,4,2,8,6,6,6,0,0,0,0,0,0,0,0,0,0,0,0,4.166,0,4.166,4.166,5.00116,0,5.00116,5.00116,2.9955,0.0589225,2.93498,3.06726,12.1627,0.0589225,12.1021,12.2344,
2.7,7,3,8,6,6,6,0,0,0,0,0,0,0,0,0,0,0,0,4.166,0,4.166,4.166,5.00116,0,5.00116,5.00116,4.00426,0.0751399,3.91926,4.08926,13.1714,0.0751399,13.0864,13.2564,
2.7,25,6,8,6,6,6,0,0,0,0,0,0,0,0,0,0,0,0,4.166,0,4.166,4.166,5.00116,0,5.00116,5.00116,3.02426,0.0751399,2.93926,3.10926,12.1914,0.0751399,12.1064,12.2764,
2.7,1,2,2,6,6,6,0,0,0,0,0,0,0,0,0,0,0,0,8.333,0,8.333,8.333,0,0,0,0,2.83081,0.0742473,2.74714,2.91514,11.1638,0.0742473,11.0801,11.2481,
2.7,13,4,2,6,6,6,0,0,0,0,0,0,0,0,0,0,0,0,8.333,0,8.333,8.333,1.00072,0,1.00072,1.00072,4.26942,0.0751399,4.18442,4.35442,13.6031,0.0751399,13.5181,13.6881,
2.7,18,5,2,6,6,6,0,0,0,0,0,0,0,0,0,0,0,0,8.333,0,8.333,8.333,1.00072,0,1.00072,1.00072,3.60342,0.0751399,3.51842,3.68842,12.9371,0.0751399,12.8521,13.0221,
2.7,3,2,3,6,6,6,0,0,0,0,0,0,0,0,0,0,0,0,4.166,0,4.166,4.166,1.00072,0,1.00072,1.00072,3.06042,0.0751399,2.97542,3.14542,8.22714,0.0751399,8.14214,8.31214,
2.7,20,5,4,6,6,6,0,0,0,0,0,0,0,0,0,0,0,0,4.166,0,4.166,4.166,1.00072,0,1.00072,1.00072,4.16442,0.0751399,4.07942,4.24942,9.33114,0.0751399,9.24614,9.41614,
2.7,19,5,5,6,6,6,0,0,0,0,0,0,0,0,0,0,0,0,4.166,0,4.166,4.166,0,0,0,0,3.64447,0.197769,3.47614,3.89614,7.81047,0.197769,7.64214,8.06214,
2.7,5,2,6,6,6,6,0,0,0,0,0,0,0,0,0,0,0,0,8.333,0,8.333,8.333,1.00072,0,1.00072,1.00072,2.77009,0.0742473,2.68642,2.85442,12.1038,0.0742473,12.0201,12.1881,
2.7,8,3,6,6,6,6,0,0,0,0,0,0,0,0,0,0,0,0,8.333,0,8.333,8.333,1.00072,0,1.00072,1.00072,2.83009,0.0742473,2.74642,2.91442,12.1638,0.0742473,12.0801,12.2481,
2.7,23,6,6,6,6,6,0,0,0,0,0,0,0,0,0,0,0,0,8.333,0,8.333,8.333,0,0,0,0,2.77081,0.0742473,2.68714,2.85514,11.1038,0.0742473,11.0201,11.1881,
2.8,6,3,7,6,6,6,0,0,0,0,0,0,0,0,0,0,0,0,4.166,0,4.166,4.166,5.00116,0,5.00116,5.00116,3.79398,0.0751399,3.70898,3.87898,12.9611,0.0751399,12.8761,13.0461,
2.8,11,4,7,6,6,6,0,0,0,0,0,0,0,0,0,0,0,0,4.166,0,4.166,4.166,5.00116,0,5.00116,5.00116,4.31398,0.0751399,4.22898,4.39898,13.4811,0.0751399,13.3961,13.5661,
2.8,15,4,7,6,6,6,0,0,0,0,0,0,0,0,0,0,0,0,4.166,0,4.166,4.166,5.06403,0,5.06403,5.06403,3.02873,0.0742473,2.94439,3.11239,12.2588,0.0742473,12.1744,12.3424,
2.8,16,5,7,6,6,6,0,0,0,0,0,0,0,0,0,0,0,0,4.166,0,4.166,4.166,5.00116,0,5.00116,5.00116,4.12731,0.197769,3.95898,4.37898,13.2945,0.197769,13.1261,13.5461,
2.8,2,2,8,6,6,6,0,0,0,0,0,0,0,0,0,0,0,0,4.166,0,4.166,4.166,5.00221,0,5.00221,5.00221,3.00721,0.0751399,2.92222,3.09221,12.1754,0.0751399,12.0904,12.2604,
2.8,4,2,8,6,6,6,0,0,0,0,0,0,0,0,0,0,0,0,4.166,0,4.166,4.166,5.00116,0,5.00116,5.00116,2.99653,0.0627936,2.92312,3.07126,12.1637,0.0627936,12.0903,12.2384,
2.8,7,3,8,6,6,6,0,0,0,0,0,0,0,0,0,0,0,0,4.166,0,4.166,4.166,5.00116,0,5.00116,5.00116,4.00826,0.0751399,3.92326,4.09326,13.1754,0.0751399,13.0904,13.2604,
2.8,25,6,8,6,6,6,0,0,0,0,0,0,0,0,0,0,0,0,4.166,0,4.166,4.166,5.00116,0,5.00116,5.00116,3.02826,0.0751399,2.94326,3.11326,12.1954,0.0751399,12.1104,12.2804,
2.8,1,2,2,6,6,6,0,0,0,0,0,0,0,0,0,0,0,0,8.333,0,8.333,8.333,0,0,0,0,2.83481,0.0742473,2.75114,2.91914,11.1678,0.0742473,11.0841,11.2521,
2.8,13,4,2,6,6,6,0,0,0,0,0,0,0,0,0,0,0,0,8.333,0,8.333,8.333,1.00072,0,1.00072,1.00072,4.27342,0.0751399,4.18842,4.35842,13.6071,0.0751399,13.5221,13.6921,
2.8,18,5,2,6,6,6,0,0,0,0,0,0,0,0,0,0,0,0,8.333,0,8.333,8.333,1.00072,0,1.00072,1.00072,3.60742,0.0751399,3.52242,3.69242,12.9411,0.0751399,12.8561,13.0261,
2.8,3,2,3,6,6,6,0,0,0,0,0,0,0,0,0,0,0,0,4.166,0,4.166,4.166,1.00072,0,1.00072,1.00072,2.81442,0.0751399,2.72942,2.89942,7.98114,0.0751399,7.89614,8.06614,
2.8,20,5,4,6,6,6,0,0,0,0,0,0,0,0,0,0,0,0,4.166,0,4.166,4.166,1.00072,0,1.00072,1.00072,4.16842,0.0751399,4.08342,4.25342,9.33514,0.0751399,9.25014,9.42014,
2.8,19,5,5,6,6,6,0,0,0,0,0,0,0,0,0,0,0,0,4.166,0,4.166,4.166,0,0,0,0,3.64847,0.197769,3.48014,3.90014,7.81447,0.197769,7.64614,8.06614,
2.8,5,2,6,6,6,6,0,0,0,0,0,0,0,0,0,0,0,0,8.333,0,8.333,8.333,1.00072,0,1.00072,1.00072,2.77409,0.0742473,2.69042,2.85842,12.1078,0.0742473,12.0241,12.1921,
2.8,8,3,6,6,6,6,0,0,0,0,0,0,0,0,0,0,0,0,8.333,0,8.333,8.333,1.00072,0,1.00072,1.00072,2.83409,0.0742473,2.75042,2.91842,12.1678,0.0742473,12.0841,12.2521,
2.8,23,6,6,6,6,6,0,0,0,0,0,0,0,0,0,0,0,0,8.333,0,8.333,8.333,0,0,0,0,2.77481,0.0742473,2.69114,2.85914,11.1078,0.0742473,11.0241,11.1921,
2.9,6,3,7,6,6,6,0,0,0,0,0,0,0,0,0,0,0,0,4.166,0,4.166,4.166,5.00116,0,5.00116,5.00116,3.79798,0.0751399,3.71298,3.88298,12.9651,0.0751399,12.8801,13.0501,
2.9,11,4,7,6,6,6,0,0,0,0,0,0,0,0,0,0,0,0,4.166,0,4.166,4.166,5.00116,0,5.00116,5.00116,4.31798,0.0751399,4.23298,4.40298,13.4851,0.0751399,13.4001,13.5701,
2.9,15,4,7,6,6,6,0,0,0,0,0,0,0,0,0,0,0,0,4.166,0,4.166,4.166,5.06403,0,5.06403,5.06403,3.03273,0.0742473,2.94839,3.11639,12.2628,0.0742473,12.1784,12.3464,
2.9,16,5,7,6,6,6,0,0,0,0,0,0,0,0,0,0,0,0,4.166,0,4.166,4.166,5.00116,0,5.00116,5.00116,4.13131,0.197769,3.96298,4.38298,13.2985,0.197769,13.1301,13.5501,
2.9,2,2,8,6,6,6,0,0,0,0,0,0,0,0,0,0,0,0,4.166,0,4.166,4.166,5.00221,0,5.00221,5.00221,3.01121,0.0751399,2.92622,3.09621,12.1794,0.0751399,12.0944,12.2644,
2.9,4,2,8,6,6,6,0,0,0,0,0,0,0,0,0,0,0,0,4.166,0,4.166,4.166,5.00116,0,5.00116,5.00116,2.9916,0.0742473,2.90726,3.07526,12.1588,0.0742473,12.0744,12.2424,
2.9,7,3,8,6,6,6,0,0,0,0,0,0,0,0,0,0,0,0,4.166,0,4.166,4.166,5.00116,0,5.00116,5.00116,4.01226,0.0751399,3.92726,4.09726,13.1794,0.0751399,13.0944,13.2644,
2.9,25,6,8,6,6,6,0,0,0,0,0,0,0,0,0,0,0,0,4.166,0,4.166,4.166,5.00116,0,5.00116,5.00116,3.03226,0.0751399,2.94726,3.11726,12.1994,0.0751399,12.1144,12.2844,
2.9,1,2,2,6,6,6,0,0,0,0,0,0,0,0,0,0,0,0,8.333,0,8.333,8.333,0,0,0,0,2.83881,0.0742473,2.75514,2.92314,11.1718,0.0742473,11.0881,11.2561,
2.9,13,4,2,6,6,6,0,0,0,0,0,0,0,0,0,0,0,0,8.333,0,8.333,8.333,1.00072,0,1.00072,1.00072,4.27742,0.0751399,4.19242,4.36242,13.6111,0.0751399,13.5261,13.6961,
2.9,18,5,2,6,6,6,0,0,0,0,0,0,0,0,0,0,0,0,8.333,0,8.333,8.333,1.00072,0,1.00072,1.00072,3.61142,0.0751399,3.52642,3.69642,12.9451,0.0751399,12.8601,13.0301,
2.9,3,2,3,6,6,6,0,0,0,0,0,0,0,0,0,0,0,0,4.166,0,4.166,4.166,1.00072,0,1.00072,1.00072,2.81842,0.0751399,2.73342,2.90342,7.98514,0.0751399,7.90014,8.07014,
2.9,20,5,4,6,6,6,0,0,0,0,0,0,0,0,0,0,0,0,4.166,0,4.166,4.166,1.00072,0,1.00072,1.00072,4.17242,0.0751399,4.08742,4.25742,9.33914,0.0751399,9.25414,9.42414,
2.9,19,5,5,6,6,6,0,0,0,0,0,0,0,0,0,0,0,0,4.166,0,4.166,4.166,0,0,0,0,3.65247,0.197769,3.48414,3.90414,7.81847,0.197769,7.65014,8.07014,
2.9,5,2,6,6,6,6,0,0,0,0,0,0,0,0,0,0,0,0,8.333,0,8.333,8.333,1.00072,0,1.00072,1.00072,2.77809,0.0742473,2.69442,2.86242,12.1118,0.0742473,12.0281,12.1961,
2.9,8,3,6,6,6,6,0,0,0,0,0,0,0,0,0,0,0,0,8.333,0,8.333,8.333,1.00072,0,1.00072,1.00072,2.83809,0.0742473,2.75442,2.92242,12.1718,0.0742473,12.0881,12.2561,
2.9,23,6,6,6,6,6,0,0,0,0,0,0,0,0,0,0,0,0,8.333,0,8.333,8.333,0,0,0,0,2.77881,0.0742473,2.69514,2.86314,11.1118,0.0742473,11.0281,11.1961,
3,6,3,7,6,6,6,0,0,0,0,0,0,0,0,0,0,0,0,4.166,0,4.166,4.166,5.00116,0,5.00116,5.00116,3.80198,0.0751399,3.71698,3.88698,12.9691,0.0751399,12.8841,13.0541,
3,11,4,7,6,6,6,0,0,0,0,0,0,0,0,0,0,0,0,4.166,0,4.166,4.166,5.00116,0,5.00116,5.00116,4.32198,0.0751399,4.23698,4.40698,13.4891,0.0751399,13.4041,13.5741,
3,15,4,7,6,6,6,0,0,0,0,0,0,0,0,0,0,0,0,4.166,0,4.166,4.166,5.06403,0,5.06403,5.06403,3.03673,0.0742473,2.95239,3.12039,12.2668,0.0742473,12.1824,12.3504,
3,16,5,7,6,6,6,0,0,0,0,0,0,0,0,0,0,0,0,4.166,0,4.166,4.166,5.00116,0,5.00116,5.00116,4.13531,0.197769,3.96698,4.38698,13.3025,0.197769,13.1341,13.5541,
3,4,2,8,6,6,6,0,0,0,0,0,0,0,0,0,0,0,0,4.166,0,4.166,4.166,5.00116,0,5.00116,5.00116,2.9956,0.0742473,2.91126,3.07926,12.1628,0.0742473,12.0784,12.2464,
3,7,3,8,6,6,6,0,0,0,0,0,0,0,0,0,0,0,0,4.166,0,4.166,4.166,5.00116,0,5.00116,5.00116,4.01626,0.0751399,3.93126,4.10126,13.1834,0.0751399,13.0984,13.2684,
3,25,6,8,6,6,6,0,0,0,0,0,0,0,0,0,0,0,0,4.166,0,4.166,4.166,5.00116,0,5.00116,5.00116,3.03626,0.0751399,2.95126,3.12126,12.2034,0.0751399,12.1184,12.2884,
3,1,2,2,6,6,6,0,0,0,0,0,0,0,0,0,0,0,0,8.333,0,8.333,8.333,0,0,0,0,2.84281,0.0742473,2.75914,2.92714,11.1758,0.0742473,11.0921,11.2601,
3,13,4,2,6,6,6,0,0,0,0,0,0,0,0,0,0,0,0,8.333,0,8.333,8.333,1.00072,0,1.00072,1.00072,4.28142,0.0751399,4.19642,4.36642,13.6151,0.0751399,13.5301,13.7001,
3,18,5,2,6,6,6,0,0,0,0,0,0,0,0,0,0,0,0,8.333,0,8.333,8.333,1.00072,0,1.00072,1.00072,3.61542,0.0751399,3.53042,3.70042,12.9491,0.0751399,12.8641,13.0341,
3,3,2,3,6,6,6,0,0,0,0,0,0,0,0,0,0,0,0,4.166,0,4.166,4.166,1.00072,0,1.00072,1.00072,2.98611,0.073472,2.90742,3.10185,8.15283,0.073472,8.07414,8.26857,
3,20,5,4,6,6,6,0,0,0,0,0,0,0,0,0,0,0,0,4.166,0,4.166,4.166,1.00072,0,1.00072,1.00072,4.17642,0.0751399,4.09142,4.26142,9.34314,0.0751399,9.25814,9.42814,
3,19,5,5,6,6,6,0,0,0,0,0,0,0,0,0,0,0,0,4.166,0,4.166,4.166,0,0,0,0,3.65647,0.197769,3.48814,3.90814,7.82247,0.197769,7.65414,8.07414,
3,5,2,6,6,6,6,0,0,0,0,0,0,0,0,0,0,0,0,8.333,0,8.333,8.333,1.00072,0,1.00072,1.00072,2.78209,0.0742473,2.69842,2.86642,12.1158,0.0742473,12.0321,12.2001,
3,8,3,6,6,6,6,0,0,0,0,0,0,0,0,0,0,0,0,8.333,0,8.333,8.333,1.00072,0,1.00072,1.00072,2.84209,0.0742473,2.75842,2.92642,12.1758,0.0742473,12.0921,12.2601,
3,23,6,6,6,6,6,0,0,0,0,0,0,0,0,0,0,0,0,8.333,0,8.333,8.333,0,0,0,0,2.78281,0.0742473,2.69914,2.86714,11.1158,0.0742473,11.0321,11.2001,
3.1,6,3,7,6,6,6,0,0,0,0,0,0,0,0,0,0,0,0,4.166,0,4.166,4.166,5.00116,0,5.00116,5.00116,3.80598,0.0751399,3.72098,3.89098,12.9731,0.0751399,12.8881,13.0581,
3.1,11,4,7,6,6,6,0,0,0,0,0,0,0,0,0,0,0,0,4.166,0,4.166,4.166,5.00116,0,5.00116,5.00116,4.32598,0.0751399,4.24098,4.41098,13.4931,0.0751399,13.4081,13.5781,
3.1,15,4,7,6,6,6,0,0,0,0,0,0,0,0,0,0,0,0,4.166,0,4.166,4.166,5.06403,0,5.06403,5.06403,4.38001,0.675546,3.12239,4.91011,13.61,0.675546,12.3524,14.1401,
3.1,16,5,7,6,6,6,0,0,0,0,0,0,0,0,0,0,0,0,4.166,0,4.166,4.166,5.00116,0,5.00116,5.00116,5.74645,0.888183,3.97098,6.31955,14.9136,0.888183,13.1381,15.4867,
3.1,4,2,8,6,6,6,0,0,0,0,0,0,0,0,0,0,0,0,4.166,0,4.166,4.166,5.00116,0,5.00116,5.00116,2.9996,0.0742473,2.91526,3.08326,12.1668,0.0742473,12.0824,12.2504,
3.1,7,3,8,6,6,6,0,0,0,0,0,0,0,0,0,0,0,0,4.166,0,4.166,4.166,5.00116,0,5.00116,5.00116,4.03217,0.111109,3.86384,4.14098,13.1993,0.111109,13.031,13.3081,
3.1,24,6,8,5,5,5,0,0,0,0,0,0,0,0,0,0,0,0,4.166,0,4.166,4.166,5.04403,0,5.04403,5.04403,3.11868,0.203069,2.97411,3.47211,12.3287,0.203069,12.1841,12.6821,
3.1,25,6,8,6,6,6,0,0,0,0,0,0,0,0,0,0,0,0,4.166,0,4.166,4.166,5.00116,0,5.00116,5.00116,3.02836,0.0598845,2.95526,3.08955,12.1955,0.0598845,12.1224,12.2567,
3.1,1,2,2,6,6,6,0,0,0,0,0,0,0,0,0,0,0,0,8.333,0,8.333,8.333,0,0,0,0,3.68014,0.415748,2.84514,3.93114,12.0131,0.415748,11.1781,12.2641,
3.1,13,4,2,6,6,6,0,0,0,0,0,0,0,0,0,0,0,0,8.333,0,8.333,8.333,1.00072,0,1.00072,1.00072,4.28542,0.0751399,4.20042,4.37042,13.6191,0.0751399,13.5341,13.7041,
3.1,18,5,2,6,6,6,0,0,0,0,0,0,0,0,0,0,0,0,8.333,0,8.333,8.333,1.00072,0,1.00072,1.00072,2.91109,0.314265,2.70242,3.53442,12.2448,0.314265,12.0361,12.8681,
3.1,3,2,3,6,6,6,0,0,0,0,0,0,0,0,0,0,0,0,7.6385,1.70117,4.166,8.333,1.00072,0,1.00072,1.00072,3.64559,0.449128,2.74142,3.91042,12.2848,2.14541,7.90814,13.2441,
3.1,10,3,3,6,5,5,0,0,0,0,0,0,0,0,0,0,0,0,8.333,0,8.333,8.333,0,0,0,0,3.01714,0.194654,2.85114,3.34914,11.3501,0.194654,11.1841,11.6821,
3.1,14,4,3,6,5,5,0,0,0,0,0,0,0,0,0,0,0,0,8.333,0,8.333,8.333,1.00072,0,1.00072,1.00072,5.71642,0.0942868,5.60042,5.84842,15.0501,0.0942868,14.9341,15.1821,
3.1,20,5,4,6,6,6,0,0,0,0,0,0,0,0,0,0,0,0,4.166,0,4.166,4.166,1.00072,0,1.00072,1.00072,5.79649,0.835168,4.09542,6.19399,10.9632,0.835168,9.26214,11.3607,
3.1,12,4,5,6,5,5,0,0,0,0,0,0,0,0,0,0,0,0,8.333,0,8.333,8.333,1.00072,0,1.00072,1.00072,5.60928,0.0942868,5.49328,5.74128,14.943,0.0942868,14.827,15.075,
3.1,19,5,5,6,6,6,0,0,0,0,0,0,0,0,0,0,0,0,7.6385,1.70117,4.166,8.333,0,0,0,0,5.85464,1.15976,3.49214,6.41114,13.4931,2.85952,7.65814,14.7441,
3.1,22,6,5,6,5,5,0,0,0,0,0,0,0,0,0,0,0,0,8.333,0,8.333,8.333,1.00072,0,1.00072,1.00072,4.65928,0.332626,4.40928,5.24128,13.993,0.332626,13.743,14.575,
3.1,5,2,6,6,6,6,0,0,0,0,0,0,0,0,0,0,0,0,8.333,0,8.333,8.333,1.00072,0,1.00072,1.00072,2.78609,0.0742473,2.70242,2.87042,12.1198,0.0742473,12.0361,12.2041,
3.1,8,3,6,6,6,6,0,0,0,0,0,0,0,0,0,0,0,0,8.333,0,8.333,8.333,1.00072,0,1.00072,1.00072,2.84609,0.0742473,2.76242,2.93042,12.1798,0.0742473,12.0961,12.2641,
3.1,23,6,6,6,6,6,0,0,0,0,0,0,0,0,0,0,0,0,8.333,0,8.333,8.333,0,0,0,0,4.31062,0.751677,2.78514,4.70514,12.6436,0.751677,11.1181,13.0381,
3.2,6,3,7,6,6,6,0,0,0,0,0,0,0,0,0,0,0,0,4.166,0,4.166,4.166,5.00116,0,5.00116,5.00116,3.80998,0.0751399,3.72498,3.89498,12.9771,0.0751399,12.8921,13.0621,
3.2,11,4,7,6,6,6,0,0,0,0,0,0,0,0,0,0,0,0,4.166,0,4.166,4.166,5.00116,0,5.00116,5.00116,4.32998,0.0751399,4.24498,4.41498,13.4971,0.0751399,13.4121,13.5821,
3.2,15,4,7,6,6,6,0,0,0,0,0,0,0,0,0,0,0,0,4.166,0,4.166,4.166,5.06403,0,5.06403,5.06403,4.66377,0.324827,4.24611,4.91411,13.8938,0.324827,13.4761,14.1441,
3.2,16,5,7,6,6,6,0,0,0,0,0,0,0,0,0,0,0,0,4.166,0,4.166,4.166,5.00116,0,5.00116,5.00116,6.07188,0.197769,5.90355,6.32355,15.239,0.197769,15.0707,15.4907,
3.2,4,2,8,6,6,6,0,0,0,0,0,0,0,0,0,0,0,0,4.166,0,4.166,4.166,5.00116,0,5.00116,5.00116,3.0036,0.0742473,2.91926,3.08726,12.1708,0.0742473,12.0864,12.2544,
3.2,7,3,8,6,6,6,0,0,0,0,0,0,0,0,0,0,0,0,4.166,0,4.166,4.166,5.00116,0,5.00116,5.00116,4.04807,0.0915757,3.93926,4.14498,13.2152,0.0915757,13.1064,13.3121,
3.2,24,6,8,6,6,6,0,0,0,0,0,0,0,0,0,0,0,0,4.166,0,4.166,4.166,5.04403,0,5.04403,5.04403,3.03663,0.0589225,2.97611,3.10839,12.2467,0.0589225,12.1861,12.3184,
3.2,25,6,8,6,6,6,0,0,0,0,0,0,0,0,0,0,0,0,4.166,0,4.166,4.166,5.00116,0,5.00116,5.00116,3.03236,0.0598845,2.95926,3.09355,12.1995,0.0598845,12.1264,12.2607,
3.2,1,2,2,6,6,6,0,0,0,0,0,0,0,0,0,0,0,0,8.333,0,8.333,8.333,0,0,0,0,3.85081,0.0742473,3.76714,3.93514,12.1838,0.0742473,12.1001,12.2681,
3.2,13,4,2,6,6,6,0,0,0,0,0,0,0,0,0,0,0,0,8.333,0,8.333,8.333,1.00072,0,1.00072,1.00072,4.28942,0.0751399,4.20442,4.37442,13.6231,0.0751399,13.5381,13.7081,
3.2,18,5,2,6,6,6,0,0,0,0,0,0,0,0,0,0,0,0,8.333,0,8.333,8.333,1.00072,0,1.00072,1.00072,2.79009,0.0742473,2.70642,2.87442,12.1238,0.0742473,12.0401,12.2081,
3.2,3,2,3,6,6,6,0,0,0,0,0,0,0,0,0,0,0,0,8.333,0,8.333,8.333,1.00072,0,1.00072,1.00072,3.91342,0.197094,3.74642,4.16442,13.2471,0.197094,13.0801,13.4981,
3.2,10,3,3,6,6,6,0,0,0,0,0,0,0,0,0,0,0,0,8.333,0,8.333,8.333,0,0,0,0,2.93747,0.0742473,2.85314,3.02114,11.2705,0.0742473,11.1861,11.3541,
3.2,14,4,3,6,6,6,0,0,0,0,0,0,0,0,0,0,0,0,8.333,0,8.333,8.333,1.00072,0,1.00072,1.00072,5.68675,0.0742473,5.60242,5.77042,15.0205,0.0742473,14.9361,15.1041,
3.2,20,5,4,6,6,6,0,0,0,0,0,0,0,0,0,0,0,0,4.166,0,4.166,4.166,1.00072,0,1.00072,1.00072,6.14275,0.0745079,6.04585,6.19799,11.3095,0.0745079,11.2126,11.3647,
3.2,12,4,5,6,6,6,0,0,0,0,0,0,0,0,0,0,0,0,8.333,0,8.333,8.333,1.00072,0,1.00072,1.00072,5.57961,0.0742473,5.49528,5.66328,14.9133,0.0742473,14.829,14.997,
3.2,19,5,5,6,6,6,0,0,0,0,0,0,0,0,0,0,0,0,8.333,0,8.333,8.333,0,0,0,0,6.33081,0.0742473,6.24714,6.41514,14.6638,0.0742473,14.5801,14.7481,
3.2,22,6,5,6,6,6,0,0,0,0,0,0,0,0,0,0,0,0,8.333,0,8.333,8.333,1.00072,0,1.00072,1.00072,4.49628,0.0751399,4.41128,4.58128,13.83,0.0751399,13.745,13.915,
3.2,5,2,6,6,6,6,0,0,0,0,0,0,0,0,0,0,0,0,8.333,0,8.333,8.333,1.00072,0,1.00072,1.00072,2.79009,0.0742473,2.70642,2.87442,12.1238,0.0742473,12.0401,12.2081,
3.2,8,3,6,6,6,6,0,0,0,0,0,0,0,0,0,0,0,0,8.333,0,8.333,8.333,1.00072,0,1.00072,1.00072,2.76675,0.0742473,2.68242,2.85042,12.1005,0.0742473,12.0161,12.1841,
3.2,23,6,6,6,6,6,0,0,0,0,0,0,0,0,0,0,0,0,8.333,0,8.333,8.333,0,0,0,0,4.62414,0.0751399,4.53914,4.70914,12.9571,0.0751399,12.8721,13.0421,
3.3,6,3,7,6,6,6,0,0,0,0,0,0,0,0,0,0,0,0,4.166,0,4.166,4.166,5.00116,0,5.00116,5.00116,3.81398,0.0751399,3.72898,3.89898,12.9811,0.0751399,12.8961,13.0661,
3.3,11,4,7,6,6,6,0,0,0,0,0,0,0,0,0,0,0,0,4.166,0,4.166,4.166,5.00116,0,5.00116,5.00116,4.33398,0.0751399,4.24898,4.41898,13.5011,0.0751399,13.4161,13.5861,
3.3,15,4,7,6,6,6,0,0,0,0,0,0,0,0,0,0,0,0,4.166,0,4.166,4.166,5.06403,0,5.06403,5.06403,4.66777,0.324827,4.25011,4.91811,13.8978,0.324827,13.4801,14.1481,
3.3,16,5,7,6,6,6,0,0,0,0,0,0,0,0,0,0,0,0,4.166,0,4.166,4.166,5.00116,0,5.00116,5.00116,6.07588,0.197769,5.90755,6.32755,15.243,0.197769,15.0747,15.4947,
3.3,4,2,8,6,6,6,0,0,0,0,0,0,0,0,0,0,0,0,4.166,0,4.166,4.166,5.00116,0,5.00116,5.00116,3.0076,0.0742473,2.92326,3.09126,12.1748,0.0742473,12.0904,12.2584,
3.3,7,3,8,6,6,6,0,0,0,0,0,0,0,0,0,0,0,0,4.166,0,4.166,4.166,5.00116,0,5.00116,5.00116,4.05207,0.0915757,3.94326,4.14898,13.2192,0.0915757,13.1104,13.3161,
3.3,24,6,8,6,6,6,0,0,0,0,0,0,0,0,0,0,0,0,4.166,0,4.166,4.166,5.04403,0,5.04403,5.04403,3.04063,0.0589225,2.98011,3.11239,12.2507,0.0589225,12.1901,12.3224,
3.3,25,6,8,6,6,6,0,0,0,0,0,0,0,0,0,0,0,0,4.166,0,4.166,4.166,5.00116,0,5.00116,5.00116,3.03636,0.0598845,2.96326,3.09755,12.2035,0.0598845,12.1304,12.2647,
3.3,1,2,2,6,6,6,0,0,0,0,0,0,0,0,0,0,0,0,8.333,0,8.333,8.333,0,0,0,0,4.73576,0.0520246,4.68714,4.80157,13.0688,0.0520246,13.0201,13.1346,
3.3,13,4,2,6,6,6,0,0,0,0,0,0,0,0,0,0,0,0,8.333,0,8.333,8.333,1.00072,0,1.00072,1.00072,4.29342,0.0751399,4.20842,4.37842,13.6271,0.0751399,13.5421,13.7121,
3.3,18,5,2,6,6,6,0,0,0,0,0,0,0,0,0,0,0,0,8.333,0,8.333,8.333,1.00072,0,1.00072,1.00072,2.79409,0.0742473,2.71042,2.87842,12.1278,0.0742473,12.0441,12.2121,
3.3,3,2,3,6,6,6,0,0,0,0,0,0,0,0,0,0,0,0,8.333,0,8.333,8.333,1.00072,0,1.00072,1.00072,4.56028,0.197094,4.39328,4.81128,13.894,0.197094,13.727,14.145,
3.3,10,3,3,6,6,6,0,0,0,0,0,0,0,0,0,0,0,0,8.333,0,8.333,8.333,0,0,0,0,2.94147,0.0742473,2.85714,3.02514,11.2745,0.0742473,11.1901,11.3581,
3.3,14,4,3,6,6,6,0,0,0,0,0,0,0,0,0,0,0,0,8.333,0,8.333,8.333,1.00072,0,1.00072,1.00072,5.69075,0.0742473,5.60642,5.77442,15.0245,0.0742473,14.9401,15.1081,
3.3,20,5,4,6,6,6,0,0,0,0,0,0,0,0,0,0,0,0,4.166,0,4.166,4.166,1.00072,0,1.00072,1.00072,6.14675,0.0745079,6.04985,6.20199,11.3135,0.0745079,11.2166,11.3687,
3.3,12,4,5,6,6,6,0,0,0,0,0,0,0,0,0,0,0,0,8.333,0,8.333,8.333,1.00072,0,1.00072,1.00072,5.58361,0.0742473,5.49928,5.66728,14.9173,0.0742473,14.833,15.001,
3.3,19,5,5,6,6,6,0,0,0,0,0,0,0,0,0,0,0,0,8.333,0,8.333,8.333,0,0,0,0,6.33481,0.0742473,6.25114,6.41914,14.6678,0.0742473,14.5841,14.7521,
3.3,22,6,5,6,6,6,0,0,0,0,0,0,0,0,0,0,0,0,8.333,0,8.333,8.333,1.00072,0,1.00072,1.00072,4.50028,0.0751399,4.41528,4.58528,13.834,0.0751399,13.749,13.919,
3.3,5,2,6,6,6,6,0,0,0,0,0,0,0,0,0,0,0,0,8.333,0,8.333,8.333,1.00072,0,1.00072,1.00072,2.79409,0.0742473,2.71042,2.87842,12.1278,0.0742473,12.0441,12.2121,
3.3,8,3,6,6,6,6,0,0,0,0,0,0,0,0,0,0,0,0,8.333,0,8.333,8.333,1.00072,0,1.00072,1.00072,2.77075,0.0742473,2.68642,2.85442,12.1045,0.0742473,12.0201,12.1881,
3.3,23,6,6,6,6,6,0,0,0,0,0,0,0,0,0,0,0,0,8.333,0,8.333,8.333,0,0,0,0,4.62814,0.0751399,4.54314,4.71314,12.9611,0.0751399,12.8761,13.0461,
3.4,6,3,7,6,6,6,0,0,0,0,0,0,0,0,0,0,0,0,4.166,0,4.166,4.166,5.00116,0,5.00116,5.00116,3.81798,0.0751399,3.73298,3.90298,12.9851,0.0751399,12.9001,13.0701,
3.4,11,4,7,6,6,6,0,0,0,0,0,0,0,0,0,0,0,0,4.166,0,4.166,4.166,5.00116,0,5.00116,5.00116,4.33798,0.0751399,4.25298,4.42298,13.5051,0.0751399,13.4201,13.5901,
3.4,15,4,7,6,6,6,0,0,0,0,0,0,0,0,0,0,0,0,4.166,0,4.166,4.166,5.06403,0,5.06403,5.06403,4.67177,0.324827,4.25411,4.92211,13.9018,0.324827,13.4841,14.1521,
3.4,16,5,7,6,6,6,0,0,0,0,0,0,0,0,0,0,0,0,4.166,0,4.166,4.166,5.00116,0,5.00116,5.00116,6.07988,0.197769,5.91155,6.33155,15.247,0.197769,15.0787,15.4987,
3.4,4,2,8,6,6,6,0,0,0,0,0,0,0,0,0,0,0,0,4.166,0,4.166,4.166,5.00116,0,5.00116,5.00116,3.0116,0.0742473,2.92726,3.09526,12.1788,0.0742473,12.0944,12.2624,
3.4,7,3,8,6,6,6,0,0,0,0,0,0,0,0,0,0,0,0,4.166,0,4.166,4.166,5.00116,0,5.00116,5.00116,4.05607,0.0915757,3.94726,4.15298,13.2232,0.0915757,13.1144,13.3201,
3.4,24,6,8,6,6,6,0,0,0,0,0,0,0,0,0,0,0,0,4.166,0,4.166,4.166,5.04403,0,5.04403,5.04403,3.04463,0.0589225,2.98411,3.11639,12.2547,0.0589225,12.1941,12.3264,
3.4,25,6,8,6,6,6,0,0,0,0,0,0,0,0,0,0,0,0,4.166,0,4.166,4.166,5.00116,0,5.00116,5.00116,3.04036,0.0598845,2.96726,3.10155,12.2075,0.0598845,12.1344,12.2687,
3.4,1,2,2,6,6,6,0,0,0,0,0,0,0,0,0,0,0,0,8.333,0,8.333,8.333,0,0,0,0,3.85881,0.0742473,3.77514,3.94314,12.1918,0.0742473,12.1081,12.2761,
3.4,13,4,2,6,6,6,0,0,0,0,0,0,0,0,0,0,0,0,8.333,0,8.333,8.333,1.00072,0,1.00072,1.00072,4.29742,0.0751399,4.21242,4.38242,13.6311,0.0751399,13.5461,13.7161,
3.4,18,5,2,6,6,6,0,0,0,0,0,0,0,0,0,0,0,0,8.333,0,8.333,8.333,1.00072,0,1.00072,1.00072,2.83975,0.126343,2.71442,3.04842,12.1735,0.126343,12.0481,12.3821,
3.4,3,2,3,6,6,6,0,0,0,0,0,0,0,0,0,0,0,0,8.333,0,8.333,8.333,1.00072,0,1.00072,1.00072,3.92142,0.197094,3.75442,4.17242,13.2551,0.197094,13.0881,13.5061,
3.4,10,3,3,6,6,6,0,0,0,0,0,0,0,0,0,0,0,0,8.333,0,8.333,8.333,0,0,0,0,2.94547,0.0742473,2.86114,3.02914,11.2785,0.0742473,11.1941,11.3621,
3.4,14,4,3,6,6,6,0,0,0,0,0,0,0,0,0,0,0,0,8.333,0,8.333,8.333,1.00072,0,1.00072,1.00072,5.69475,0.0742473,5.61042,5.77842,15.0285,0.0742473,14.9441,15.1121,
3.4,20,5,4,6,6,6,0,0,0,0,0,0,0,0,0,0,0,0,4.166,0,4.166,4.166,1.00072,0,1.00072,1.00072,6.15075,0.0745079,6.05385,6.20599,11.3175,0.0745079,11.2206,11.3727,
3.4,12,4,5,6,6,6,0,0,0,0,0,0,0,0,0,0,0,0,8.333,0,8.333,8.333,1.00072,0,1.00072,1.00072,5.58761,0.0742473,5.50328,5.67128,14.9213,0.0742473,14.837,15.005,
3.4,19,5,5,6,6,6,0,0,0,0,0,0,0,0,0,0,0,0,8.333,0,8.333,8.333,0,0,0,0,6.33881,0.0742473,6.25514,6.42314,14.6718,0.0742473,14.5881,14.7561,
3.4,22,6,5,6,6,6,0,0,0,0,0,0,0,0,0,0,0,0,8.333,0,8.333,8.333,1.00072,0,1.00072,1.00072,4.50428,0.0751399,4.41928,4.58928,13.838,0.0751399,13.753,13.923,
3.4,5,2,6,6,6,6,0,0,0,0,0,0,0,0,0,0,0,0,8.333,0,8.333,8.333,1.00072,0,1.00072,1.00072,2.79809,0.0742473,2.71442,2.88242,12.1318,0.0742473,12.0481,12.2161,
3.4,8,3,6,6,6,6,0,0,0,0,0,0,0,0,0,0,0,0,8.333,0,8.333,8.333,1.00072,0,1.00072,1.00072,2.77475,0.0742473,2.69042,2.85842,12.1085,0.0742473,12.0241,12.1921,
3.4,23,6,6,6,6,6,0,0,0,0,0,0,0,0,0,0,0,0,8.333,0,8.333,8.333,0,0,0,0,4.63214,0.0751399,4.54714,4.71714,12.9651,0.0751399,12.8801,13.0501,
3.5,6,3,7,6,6,6,0,0,0,0,0,0,0,0,0,0,0,0,4.166,0,4.166,4.166,5.00116,0,5.00116,5.00116,3.82198,0.0751399,3.73698,3.90698,12.9891,0.0751399,12.9041,13.0741,
3.5,11,4,7,6,6,6,0,0,0,0,0,0,0,0,0,0,0,0,4.166,0,4.166,4.166,5.00116,0,5.00116,5.00116,4.34198,0.0751399,4.25698,4.42698,13.5091,0.0751399,13.4241,13.5941,
3.5,15,4,7,6,6,6,0,0,0,0,0,0,0,0,0,0,0,0,4.166,0,4.166,4.166,5.06403,0,5.06403,5.06403,4.67577,0.324827,4.25811,4.92611,13.9058,0.324827,13.4881,14.1561,
3.5,16,5,7,6,6,6,0,0,0,0,0,0,0,0,0,0,0,0,4.166,0,4.166,4.166,5.00116,0,5.00116,5.00116,6.31007,0.212685,6.16555,6.58555,15.4772,0.212685,15.3327,15.7527,
3.5,4,2,8,6,6,6,0,0,0,0,0,0,0,0,0,0,0,0,4.166,0,4.166,4.166,5.00116,0,5.00116,5.00116,3.0156,0.0742473,2.93126,3.09926,12.1828,0.0742473,12.0984,12.2664,
3.5,7,3,8,6,6,6,0,0,0,0,0,0,0,0,0,0,0,0,4.166,0,4.166,4.166,5.00116,0,5.00116,5.00116,4.06007,0.0915757,3.95126,4.15698,13.2272,0.0915757,13.1184,13.3241,
3.5,25,6,8,6,6,6,0,0,0,0,0,0,0,0,0,0,0,0,4.166,0,4.166,4.166,5.00116,0,5.00116,5.00116,3.04436,0.0598845,2.97126,3.10555,12.2115,0.0598845,12.1384,12.2727,
3.5,1,2,2,6,6,6,0,0,0,0,0,0,0,0,0,0,0,0,8.333,0,8.333,8.333,0,0,0,0,3.86281,0.0742473,3.77914,3.94714,12.1958,0.0742473,12.1121,12.2801,
3.5,13,4,2,6,6,6,0,0,0,0,0,0,0,0,0,0,0,0,8.333,0,8.333,8.333,1.00072,0,1.00072,1.00072,4.30142,0.0751399,4.21642,4.38642,13.6351,0.0751399,13.5501,13.7201,
3.5,18,5,2,6,6,6,0,0,0,0,0,0,0,0,0,0,0,0,8.333,0,8.333,8.333,1.00072,0,1.00072,1.00072,3.05209,0.0742473,2.96842,3.13642,12.3858,0.0742473,12.3021,12.4701,
3.5,3,2,3,6,6,6,0,0,0,0,0,0,0,0,0,0,0,0,8.333,0,8.333,8.333,1.00072,0,1.00072,1.00072,3.92542,0.197094,3.75842,4.17642,13.2591,0.197094,13.0921,13.5101,
3.5,10,3,3,6,6,6,0,0,0,0,0,0,0,0,0,0,0,0,8.333,0,8.333,8.333,0,0,0,0,2.94947,0.0742473,2.86514,3.03314,11.2825,0.0742473,11.1981,11.3661,
3.5,14,4,3,6,6,6,0,0,0,0,0,0,0,0,0,0,0,0,8.333,0,8.333,8.333,1.00072,0,1.00072,1.00072,5.69875,0.0742473,5.61442,5.78242,15.0325,0.0742473,14.9481,15.1161,
3.5,20,5,4,6,6,6,0,0,0,0,0,0,0,0,0,0,0,0,4.166,0,4.166,4.166,1.00072,0,1.00072,1.00072,6.23213,0.1043,6.13656,6.36342,11.3989,0.1043,11.3033,11.5301,
3.5,12,4,5,6,6,6,0,0,0,0,0,0,0,0,0,0,0,0,8.333,0,8.333,8.333,1.00072,0,1.00072,1.00072,5.59161,0.0742473,5.50728,5.67528,14.9253,0.0742473,14.841,15.009,
3.5,19,5,5,6,6,6,0,0,0,0,0,0,0,0,0,0,0,0,8.333,0,8.333,8.333,0,0,0,0,6.569,0.0459491,6.50914,6.60571,14.902,0.0459491,14.8421,14.9387,
3.5,22,6,5,6,6,6,0,0,0,0,0,0,0,0,0,0,0,0,8.333,0,8.333,8.333,1.00072,0,1.00072,1.00072,4.50828,0.0751399,4.42328,4.59328,13.842,0.0751399,13.757,13.927,
3.5,5,2,6,6,6,6,0,0,0,0,0,0,0,0,0,0,0,0,8.333,0,8.333,8.333,1.00072,0,1.00072,1.00072,2.80209,0.0742473,2.71842,2.88642,12.1358,0.0742473,12.0521,12.2201,
3.5,8,3,6,6,6,6,0,0,0,0,0,0,0,0,0,0,0,0,8.333,0,8.333,8.333,1.00072,0,1.00072,1.00072,2.77875,0.0742473,2.69442,2.86242,12.1125,0.0742473,12.0281,12.1961,
3.5,23,6,6,6,6,6,0,0,0,0,0,0,0,0,0,0,0,0,8.333,0,8.333,8.333,0,0,0,0,4.63614,0.0751399,4.55114,4.72114,12.9691,0.0751399,12.8841,13.0541,
3.6,6,3,7,6,6,6,0,0,0,0,0,0,0,0,0,0,0,0,4.166,0,4.166,4.166,5.00116,0,5.00116,5.00116,3.82598,0.0751399,3.74098,3.91098,12.9931,0.0751399,12.9081,13.0781,
3.6,11,4,7,6,6,6,0,0,0,0,0,0,0,0,0,0,0,0,4.166,0,4.166,4.166,5.00116,0,5.00116,5.00116,4.34598,0.0751399,4.26098,4.43098,13.5131,0.0751399,13.4281,13.5981,
3.6,15,4,7,6,6,6,0,0,0,0,0,0,0,0,0,0,0,0,4.166,0,4.166,4.166,5.06403,0,5.06403,5.06403,4.67977,0.324827,4.26211,4.93011,13.9098,0.324827,13.4921,14.1601,
3.6,16,5,7,6,6,6,0,0,0,0,0,0,0,0,0,0,0,0,4.166,0,4.166,4.166,5.00116,0,5.00116,5.00116,4.86169,0.533893,4.49298,5.91955,14.0289,0.533893,13.6601,15.0867,
3.6,4,2,8,6,6,6,0,0,0,0,0,0,0,0,0,0,0,0,4.166,0,4.166,4.166,5.00116,0,5.00116,5.00116,3.0196,0.0742473,2.93526,3.10326,12.1868,0.0742473,12.1024,12.2704,
3.6,7,3,8,6,6,6,0,0,0,0,0,0,0,0,0,0,0,0,4.166,0,4.166,4.166,5.00116,0,5.00116,5.00116,4.06407,0.0915757,3.95526,4.16098,13.2312,0.0915757,13.1224,13.3281,
3.6,21,6,8,6,5,5,0,0,0,0,0,0,0,0,0,0,0,0,4.166,0,4.166,4.166,5.00116,0,5.00116,5.00116,3.10441,0.216965,2.93298,3.47926,12.2716,0.216965,12.1001,12.6464,
3.6,25,6,8,6,6,6,0,0,0,0,0,0,0,0,0,0,0,0,4.166,0,4.166,4.166,5.00116,0,5.00116,5.00116,3.04836,0.0598845,2.97526,3.10955,12.2155,0.0598845,12.1424,12.2767,
3.6,17,5,9,6,4,0,0,0,0,0,0,0,0,0,0,0,0,0,4.166,0,4.166,4.166,10.0012,0,10.0012,10.0012,4.39098,0.45324,4.01698,5.01498,18.5581,0.45324,18.1841,19.1821,
3.6,1,2,2,6,6,6,0,0,0,0,0,0,0,0,0,0,0,0,8.333,0,8.333,8.333,0,0,0,0,3.86681,0.0742473,3.78314,3.95114,12.1998,0.0742473,12.1161,12.2841,
3.6,13,4,2,6,6,6,0,0,0,0,0,0,0,0,0,0,0,0,8.333,0,8.333,8.333,1.00072,0,1.00072,1.00072,4.30542,0.0751399,4.22042,4.39042,13.6391,0.0751399,13.5541,13.7241,
3.6,18,5,2,6,6,6,0,0,0,0,0,0,0,0,0,0,0,0,8.333,0,8.333,8.333,1.00072,0,1.00072,1.00072,2.80609,0.0742473,2.72242,2.89042,12.1398,0.0742473,12.0561,12.2241,
3.6,3,2,3,6,6,6,0,0,0,0,0,0,0,0,0,0,0,0,8.333,0,8.333,8.333,1.00072,0,1.00072,1.00072,3.92942,0.197094,3.76242,4.18042,13.2631,0.197094,13.0961,13.5141,
3.6,10,3,3,6,6,6,0,0,0,0,0,0,0,0,0,0,0,0,8.333,0,8.333,8.333,0,0,0,0,2.95347,0.0742473,2.86914,3.03714,11.2865,0.0742473,11.2021,11.3701,
3.6,14,4,3,6,6,6,0,0,0,0,0,0,0,0,0,0,0,0,8.333,0,8.333,8.333,1.00072,0,1.00072,1.00072,5.70275,0.0742473,5.61842,5.78642,15.0365,0.0742473,14.9521,15.1201,
3.6,2,2,4,6,5,5,0,0,0,0,0,0,0,0,0,0,0,0,8.333,0,8.333,8.333,1.00072,0,1.00072,1.00072,3.96642,0.224477,3.76642,4.34842,13.3001,0.224477,13.1001,13.6821,
3.6,9,3,4,6,5,5,0,0,0,0,0,0,0,0,0,0,0,0,8.333,0,8.333,8.333,1.00072,0,1.00072,1.00072,3.06642,0.601988,2.68242,4.09842,12.4001,0.601988,12.0161,13.4321,
3.6,20,5,4,6,5,5,0,0,0,0,0,0,0,0,0,0,0,0,7.4996,1.86354,4.166,8.333,1.00072,0,1.00072,1.00072,4.60696,0.826028,4.03442,6.06185,13.1073,1.06012,11.2286,13.759,
3.6,12,4,5,6,6,6,0,0,0,0,0,0,0,0,0,0,0,0,8.333,0,8.333,8.333,1.00072,0,1.00072,1.00072,5.59561,0.0742473,5.51128,5.67928,14.9293,0.0742473,14.845,15.013,
3.6,19,5,5,6,6,6,0,0,0,0,0,0,0,0,0,0,0,0,8.333,0,8.333,8.333,0,0,0,0,4.8349,0.740641,4.49,6.34514,13.1679,0.740641,12.823,14.6781,
3.6,22,6,5,6,6,6,0,0,0,0,0,0,0,0,0,0,0,0,8.333,0,8.333,8.333,1.00072,0,1.00072,1.00072,4.51228,0.0751399,4.42728,4.59728,13.846,0.0751399,13.761,13.931,
3.6,5,2,6,6,6,6,0,0,0,0,0,0,0,0,0,0,0,0,8.333,0,8.333,8.333,1.00072,0,1.00072,1.00072,3.71085,0.45033,2.80442,4.03128,13.0446,0.45033,12.1381,13.365,
3.6,8,3,6,6,6,6,0,0,0,0,0,0,0,0,0,0,0,0,8.333,0,8.333,8.333,1.00072,0,1.00072,1.00072,2.94942,0.252282,2.78242,3.44842,12.2831,0.252282,12.1161,12.7821,
3.6,23,6,6,6,6,6,0,0,0,0,0,0,0,0,0,0,0,0,8.333,0,8.333,8.333,0,0,0,0,4.64014,0.0751399,4.55514,4.72514,12.9731,0.0751399,12.8881,13.0581,
3.7,6,3,7,6,6,6,0,0,0,0,0,0,0,0,0,0,0,0,4.166,0,4.166,4.166,5.00116,0,5.00116,5.00116,3.82998,0.0751399,3.74498,3.91498,12.9971,0.0751399,12.9121,13.0821,
3.7,11,4,7,6,6,6,0,0,0,0,0,0,0,0,0,0,0,0,4.166,0,4.166,4.166,5.00116,0,5.00116,5.00116,4.34403,0.0681491,4.26498,4.43298,13.5112,0.0681491,13.4321,13.6001,
3.7,15,4,7,6,6,6,0,0,0,0,0,0,0,0,0,0,0,0,4.166,0,4.166,4.166,5.06403,0,5.06403,5.06403,4.64211,0.30149,4.26611,4.93211,13.8721,0.30149,13.4961,14.1621,
3.7,16,5,7,6,6,6,0,0,0,0,0,0,0,0,0,0,0,0,4.166,0,4.166,4.166,5.00116,0,5.00116,5.00116,4.67522,0.143834,4.49498,4.80784,13.8424,0.143834,13.6621,13.975,
3.7,4,2,8,6,6,6,0,0,0,0,0,0,0,0,0,0,0,0,4.166,0,4.166,4.166,5.00116,0,5.00116,5.00116,3.0236,0.0742473,2.93926,3.10726,12.1908,0.0742473,12.1064,12.2744,
3.7,7,3,8,6,6,6,0,0,0,0,0,0,0,0,0,0,0,0,4.166,0,4.166,4.166,5.00116,0,5.00116,5.00116,4.06807,0.0915757,3.95926,4.16498,13.2352,0.0915757,13.1264,13.3321,
3.7,21,6,8,6,6,6,0,0,0,0,0,0,0,0,0,0,0,0,4.166,0,4.166,4.166,5.00116,0,5.00116,5.00116,2.99617,0.0598845,2.93498,3.06926,12.1633,0.0598845,12.1021,12.2364,
3.7,25,6,8,6,6,6,0,0,0,0,0,0,0,0,0,0,0,0,4.166,0,4.166,4.166,5.00116,0,5.00116,5.00116,2.99284,0.0590839,2.93298,3.06526,12.16,0.0590839,12.1001,12.2324,
3.7,17,5,9,6,6,0,0,0,0,0,0,0,0,0,0,0,0,0,4.166,0,4.166,4.166,10.0012,0,10.0012,10.0012,4.10264,0.0742473,4.01898,4.18698,18.2698,0.0742473,18.1861,18.3541,
3.7,1,2,2,6,6,6,0,0,0,0,0,0,0,0,0,0,0,0,8.333,0,8.333,8.333,0,0,0,0,3.78747,0.0742473,3.70314,3.87114,12.1205,0.0742473,12.0361,12.2041,
3.7,13,4,2,6,6,6,0,0,0,0,0,0,0,0,0,0,0,0,8.333,0,8.333,8.333,1.00072,0,1.00072,1.00072,4.30942,0.0751399,4.22442,4.39442,13.6431,0.0751399,13.5581,13.7281,
3.7,18,5,2,6,6,6,0,0,0,0,0,0,0,0,0,0,0,0,8.333,0,8.333,8.333,1.00072,0,1.00072,1.00072,2.81009,0.0742473,2.72642,2.89442,12.1438,0.0742473,12.0601,12.2281,
3.7,3,2,3,6,6,6,0,0,0,0,0,0,0,0,0,0,0,0,8.333,0,8.333,8.333,1.00072,0,1.00072,1.00072,3.76675,0.0742473,3.68242,3.85042,13.1005,0.0742473,13.0161,13.1841,
3.7,10,3,3,6,6,6,0,0,0,0,0,0,0,0,0,0,0,0,8.333,0,8.333,8.333,0,0,0,0,2.95747,0.0742473,2.87314,3.04114,11.2905,0.0742473,11.2061,11.3741,
3.7,14,4,3,6,6,6,0,0,0,0,0,0,0,0,0,0,0,0,8.333,0,8.333,8.333,1.00072,0,1.00072,1.00072,5.66509,0.0869636,5.54042,5.78842,14.9988,0.0869636,14.8741,15.1221,
3.7,2,2,4,6,6,6,0,0,0,0,0,0,0,0,0,0,0,0,8.333,0,8.333,8.333,1.00072,0,1.00072,1.00072,3.85044,0.167692,3.68842,4.16856,13.1842,0.167692,13.0221,13.5023,
3.7,9,3,4,6,6,6,0,0,0,0,0,0,0,0,0,0,0,0,8.333,0,8.333,8.333,1.00072,0,1.00072,1.00072,2.85342,0.197094,2.68642,3.10442,12.1871,0.197094,12.0201,12.4381,
3.7,20,5,4,6,6,6,0,0,0,0,0,0,0,0,0,0,0,0,8.333,0,8.333,8.333,1.00072,0,1.00072,1.00072,4.25104,0.0520246,4.20242,4.31685,13.5848,0.0520246,13.5361,13.6506,
3.7,12,4,5,6,6,6,0,0,0,0,0,0,0,0,0,0,0,0,8.333,0,8.333,8.333,1.00072,0,1.00072,1.00072,5.55794,0.0869636,5.43328,5.68128,14.8917,0.0869636,14.767,15.015,
3.7,19,5,5,6,6,6,0,0,0,0,0,0,0,0,0,0,0,0,8.333,0,8.333,8.333,0,0,0,0,4.48176,0.038577,4.43314,4.51914,12.8148,0.038577,12.7661,12.8521,
3.7,22,6,5,6,6,6,0,0,0,0,0,0,0,0,0,0,0,0,8.333,0,8.333,8.333,1.00072,0,1.00072,1.00072,4.49247,0.064732,4.43128,4.59928,13.8262,0.064732,13.765,13.933,
3.7,5,2,6,6,6,6,0,0,0,0,0,0,0,0,0,0,0,0,8.333,0,8.333,8.333,1.00072,0,1.00072,1.00072,3.87556,0.134491,3.72842,4.11928,13.2093,0.134491,13.0621,13.453,
3.7,8,3,6,6,6,6,0,0,0,0,0,0,0,0,0,0,0,0,8.333,0,8.333,8.333,1.00072,0,1.00072,1.00072,2.87009,0.0742473,2.78642,2.95442,12.2038,0.0742473,12.1201,12.2881,
3.7,23,6,6,6,6,6,0,0,0,0,0,0,0,0,0,0,0,0,8.333,0,8.333,8.333,0,0,0,0,4.54295,0.104527,4.372,4.64514,12.8759,0.104527,12.705,12.9781,
3.8,6,3,7,6,6,6,0,0,0,0,0,0,0,0,0,0,0,0,4.166,0,4.166,4.166,5.00116,0,5.00116,5.00116,3.83398,0.0751399,3.74898,3.91898,13.0011,0.0751399,12.9161,13.0861,
3.8,11,4,7,6,6,6,0,0,0,0,0,0,0,0,0,0,0,0,4.166,0,4.166,4.166,5.00116,0,5.00116,5.00116,4.33017,0.046974,4.26898,4.36755,13.4973,0.046974,13.4361,13.5347,
3.8,15,4,7,6,6,6,0,0,0,0,0,0,0,0,0,0,0,0,4.166,0,4.166,4.166,5.06403,0,5.06403,5.06403,5.69373,0.251533,5.27211,6.04525,14.9238,0.251533,14.5021,15.2753,
3.8,16,5,7,6,6,6,0,0,0,0,0,0,0,0,0,0,0,0,4.166,0,4.166,4.166,5.00116,0,5.00116,5.00116,4.67922,0.143834,4.49898,4.81184,13.8464,0.143834,13.6661,13.979,
3.8,4,2,8,6,6,6,0,0,0,0,0,0,0,0,0,0,0,0,4.166,0,4.166,4.166,5.00116,0,5.00116,5.00116,3.0276,0.0742473,2.94326,3.11126,12.1948,0.0742473,12.1104,12.2784,
3.8,7,3,8,6,6,6,0,0,0,0,0,0,0,0,0,0,0,0,4.166,0,4.166,4.166,5.00116,0,5.00116,5.00116,4.07207,0.0915757,3.96326,4.16898,13.2392,0.0915757,13.1304,13.3361,
3.8,21,6,8,6,6,6,0,0,0,0,0,0,0,0,0,0,0,0,4.166,0,4.166,4.166,5.00116,0,5.00116,5.00116,2.99719,0.0637345,2.92312,3.07326,12.1644,0.0637345,12.0903,12.2404,
3.8,25,6,8,6,6,6,0,0,0,0,0,0,0,0,0,0,0,0,4.166,0,4.166,4.166,5.00116,0,5.00116,5.00116,2.99684,0.0590839,2.93698,3.06926,12.164,0.0590839,12.1041,12.2364,
3.8,17,5,9,6,6,0,0,0,0,0,0,0,0,0,0,0,0,0,4.166,0,4.166,4.166,10.0012,0,10.0012,10.0012,4.06498,0.0865794,3.94098,4.18898,18.2321,0.0865794,18.1081,18.3561,
3.8,1,2,2,6,6,6,0,0,0,0,0,0,0,0,0,0,0,0,8.333,0,8.333,8.333,0,0,0,0,3.79147,0.0742473,3.70714,3.87514,12.1245,0.0742473,12.0401,12.2081,
3.8,13,4,2,6,6,6,0,0,0,0,0,0,0,0,0,0,0,0,8.333,0,8.333,8.333,1.00072,0,1.00072,1.00072,4.39675,0.197769,4.22842,4.64842,13.7305,0.197769,13.5621,13.9821,
3.8,18,5,2,6,6,6,0,0,0,0,0,0,0,0,0,0,0,0,8.333,0,8.333,8.333,1.00072,0,1.00072,1.00072,2.81409,0.0742473,2.73042,2.89842,12.1478,0.0742473,12.0641,12.2321,
3.8,3,2,3,6,6,6,0,0,0,0,0,0,0,0,0,0,0,0,8.333,0,8.333,8.333,1.00072,0,1.00072,1.00072,3.77075,0.0742473,3.68642,3.85442,13.1045,0.0742473,13.0201,13.1881,
3.8,10,3,3,6,6,6,0,0,0,0,0,0,0,0,0,0,0,0,8.333,0,8.333,8.333,0,0,0,0,2.96147,0.0742473,2.87714,3.04514,11.2945,0.0742473,11.2101,11.3781,
3.8,14,4,3,6,6,6,0,0,0,0,0,0,0,0,0,0,0,0,8.333,0,8.333,8.333,1.00072,0,1.00072,1.00072,6.26433,0.255389,6.02128,6.62642,15.598,0.255389,15.355,15.9601,
3.8,2,2,4,6,6,6,0,0,0,0,0,0,0,0,0,0,0,0,8.333,0,8.333,8.333,1.00072,0,1.00072,1.00072,3.77409,0.0742473,3.69042,3.85842,13.1078,0.0742473,13.0241,13.1921,
3.8,9,3,4,6,6,6,0,0,0,0,0,0,0,0,0,0,0,0,8.333,0,8.333,8.333,1.00072,0,1.00072,1.00072,2.85742,0.197094,2.69042,3.10842,12.1911,0.197094,12.0241,12.4421,
3.8,20,5,4,6,6,6,0,0,0,0,0,0,0,0,0,0,0,0,8.333,0,8.333,8.333,1.00072,0,1.00072,1.00072,4.24611,0.0646827,4.15485,4.32085,13.5798,0.0646827,13.4886,13.6546,
3.8,12,4,5,6,6,6,0,0,0,0,0,0,0,0,0,0,0,0,8.333,0,8.333,8.333,1.00072,0,1.00072,1.00072,6.25837,0.18331,6.04242,6.51928,15.5921,0.18331,15.3761,15.853,
3.8,19,5,5,6,6,6,0,0,0,0,0,0,0,0,0,0,0,0,8.333,0,8.333,8.333,0,0,0,0,4.48576,0.038577,4.43714,4.52314,12.8188,0.038577,12.7701,12.8561,
3.8,22,6,5,6,6,6,0,0,0,0,0,0,0,0,0,0,0,0,8.333,0,8.333,8.333,1.00072,0,1.00072,1.00072,4.47861,0.0869636,4.35528,4.60328,13.8123,0.0869636,13.689,13.937,
3.8,5,2,6,6,6,6,0,0,0,0,0,0,0,0,0,0,0,0,8.333,0,8.333,8.333,1.00072,0,1.00072,1.00072,3.81409,0.0742473,3.73042,3.89842,13.1478,0.0742473,13.0641,13.2321,
3.8,8,3,6,6,6,6,0,0,0,0,0,0,0,0,0,0,0,0,8.333,0,8.333,8.333,1.00072,0,1.00072,1.00072,2.87409,0.0742473,2.79042,2.95842,12.2078,0.0742473,12.1241,12.2921,
3.8,23,6,6,6,6,6,0,0,0,0,0,0,0,0,0,0,0,0,8.333,0,8.333,8.333,0,0,0,0,4.56481,0.0742473,4.48114,4.64914,12.8978,0.0742473,12.8141,12.9821,
3.9,6,3,7,6,6,6,0,0,0,0,0,0,0,0,0,0,0,0,4.166,0,4.166,4.166,5.00116,0,5.00116,5.00116,3.83798,0.0751399,3.75298,3.92298,13.0051,0.0751399,12.9201,13.0901,
3.9,11,4,7,6,6,6,0,0,0,0,0,0,0,0,0,0,0,0,4.166,0,4.166,4.166,5.00116,0,5.00116,5.00116,4.33417,0.046974,4.27298,4.37155,13.5013,0.046974,13.4401,13.5387,
3.9,15,4,7,6,6,6,0,0,0,0,0,0,0,0,0,0,0,0,4.166,0,4.166,4.166,5.06403,0,5.06403,5.06403,4.44177,0.325442,4.19011,4.86011,13.6718,0.325442,13.4201,14.0901,
3.9,16,5,7,6,6,6,0,0,0,0,0,0,0,0,0,0,0,0,4.166,0,4.166,4.166,5.00116,0,5.00116,5.00116,4.68322,0.143834,4.50298,4.81584,13.8504,0.143834,13.6701,13.983,
3.9,4,2,8,6,6,6,0,0,0,0,0,0,0,0,0,0,0,0,4.166,0,4.166,4.166,5.00116,0,5.00116,5.00116,3.0316,0.0742473,2.94726,3.11526,12.1988,0.0742473,12.1144,12.2824,
3.9,7,3,8,6,6,6,0,0,0,0,0,0,0,0,0,0,0,0,4.166,0,4.166,4.166,5.00116,0,5.00116,5.00116,4.07607,0.0915757,3.96726,4.17298,13.2432,0.0915757,13.1344,13.3401,
3.9,21,6,8,6,6,6,0,0,0,0,0,0,0,0,0,0,0,0,4.166,0,4.166,4.166,5.00116,0,5.00116,5.00116,2.99226,0.0751399,2.90726,3.07726,12.1594,0.0751399,12.0744,12.2444,
3.9,25,6,8,6,6,6,0,0,0,0,0,0,0,0,0,0,0,0,4.166,0,4.166,4.166,5.00116,0,5.00116,5.00116,2.99191,0.0704854,2.90726,3.07326,12.1591,0.0704854,12.0744,12.2404,
3.9,17,5,9,6,6,0,0,0,0,0,0,0,0,0,0,0,0,0,4.166,0,4.166,4.166,10.0012,0,10.0012,10.0012,4.02731,0.0742473,3.94298,4.11098,18.1945,0.0742473,18.1101,18.2781,
3.9,1,2,2,6,6,6,0,0,0,0,0,0,0,0,0,0,0,0,8.333,0,8.333,8.333,0,0,0,0,3.79547,0.0742473,3.71114,3.87914,12.1285,0.0742473,12.0441,12.2121,
3.9,13,4,2,6,6,6,0,0,0,0,0,0,0,0,0,0,0,0,8.333,0,8.333,8.333,1.00072,0,1.00072,1.00072,4.40075,0.197769,4.23242,4.65242,13.7345,0.197769,13.5661,13.9861,
3.9,18,5,2,6,6,6,0,0,0,0,0,0,0,0,0,0,0,0,8.333,0,8.333,8.333,1.00072,0,1.00072,1.00072,2.81809,0.0742473,2.73442,2.90242,12.1518,0.0742473,12.0681,12.2361,
3.9,3,2,3,6,6,6,0,0,0,0,0,0,0,0,0,0,0,0,8.333,0,8.333,8.333,1.00072,0,1.00072,1.00072,3.77475,0.0742473,3.69042,3.85842,13.1085,0.0742473,13.0241,13.1921,
3.9,10,3,3,6,6,6,0,0,0,0,0,0,0,0,0,0,0,0,8.333,0,8.333,8.333,0,0,0,0,2.96547,0.0742473,2.88114,3.04914,11.2985,0.0742473,11.2141,11.3821,
3.9,14,4,3,6,6,6,0,0,0,0,0,0,0,0,0,0,0,0,8.333,0,8.333,8.333,1.00072,0,1.00072,1.00072,5.63142,0.0751399,5.54642,5.71642,14.9651,0.0751399,14.8801,15.0501,
3.9,2,2,4,6,6,6,0,0,0,0,0,0,0,0,0,0,0,0,8.333,0,8.333,8.333,1.00072,0,1.00072,1.00072,3.77809,0.0742473,3.69442,3.86242,13.1118,0.0742473,13.0281,13.1961,
3.9,9,3,4,6,6,6,0,0,0,0,0,0,0,0,0,0,0,0,8.333,0,8.333,8.333,1.00072,0,1.00072,1.00072,2.86142,0.197094,2.69442,3.11242,12.1951,0.197094,12.0281,12.4461,
3.9,20,5,4,6,6,6,0,0,0,0,0,0,0,0,0,0,0,0,8.333,0,8.333,8.333,1.00072,0,1.00072,1.00072,4.17571,0.169991,3.96042,4.32485,13.5094,0.169991,13.2941,13.6586,
3.9,12,4,5,6,6,6,0,0,0,0,0,0,0,0,0,0,0,0,8.333,0,8.333,8.333,1.00072,0,1.00072,1.00072,5.52428,0.0751399,5.43928,5.60928,14.858,0.0751399,14.773,14.943,
3.9,19,5,5,6,6,6,0,0,0,0,0,0,0,0,0,0,0,0,8.333,0,8.333,8.333,0,0,0,0,4.48976,0.038577,4.44114,4.52714,12.8228,0.038577,12.7741,12.8601,
3.9,22,6,5,6,6,6,0,0,0,0,0,0,0,0,0,0,0,0,8.333,0,8.333,8.333,1.00072,0,1.00072,1.00072,4.44094,0.0742473,4.35728,4.52528,13.7747,0.0742473,13.691,13.859,
3.9,5,2,6,6,6,6,0,0,0,0,0,0,0,0,0,0,0,0,8.333,0,8.333,8.333,1.00072,0,1.00072,1.00072,3.81809,0.0742473,3.73442,3.90242,13.1518,0.0742473,13.0681,13.2361,
3.9,8,3,6,6,6,6,0,0,0,0,0,0,0,0,0,0,0,0,8.333,0,8.333,8.333,1.00072,0,1.00072,1.00072,2.87809,0.0742473,2.79442,2.96242,12.2118,0.0742473,12.1281,12.2961,
3.9,23,6,6,6,6,6,0,0,0,0,0,0,0,0,0,0,0,0,8.333,0,8.333,8.333,0,0,0,0,4.56881,0.0742473,4.48514,4.65314,12.9018,0.0742473,12.8181,12.9861,
4,6,3,7,6,6,6,0,0,0,0,0,0,0,0,0,0,0,0,4.166,0,4.166,4.166,5.00116,0,5.00116,5.00116,3.84198,0.0751399,3.75698,3.92698,13.0091,0.0751399,12.9241,13.0941,
4,11,4,7,6,6,6,0,0,0,0,0,0,0,0,0,0,0,0,4.166,0,4.166,4.166,5.00116,0,5.00116,5.00116,3.20722,0.529307,2.90926,4.27698,12.3744,0.529307,12.0764,13.4441,
4,15,4,7,6,6,6,0,0,0,0,0,0,0,0,0,0,0,0,4.166,0,4.166,4.166,5.06403,0,5.06403,5.06403,4.44577,0.325442,4.19411,4.86411,13.6758,0.325442,13.4241,14.0941,
4,16,5,7,6,6,6,0,0,0,0,0,0,0,0,0,0,0,0,4.166,0,4.166,4.166,5.00116,0,5.00116,5.00116,4.68722,0.143834,4.50698,4.81984,13.8544,0.143834,13.6741,13.987,
4,4,2,8,6,6,6,0,0,0,0,0,0,0,0,0,0,0,0,4.166,0,4.166,4.166,5.00116,0,5.00116,5.00116,3.0356,0.0742473,2.95126,3.11926,12.2028,0.0742473,12.1184,12.2864,
4,7,3,8,6,6,6,0,0,0,0,0,0,0,0,0,0,0,0,4.166,0,4.166,4.166,5.00116,0,5.00116,5.00116,4.08007,0.0915757,3.97126,4.17698,13.2472,0.0915757,13.1384,13.3441,
4,21,6,8,6,6,6,0,0,0,0,0,0,0,0,0,0,0,0,4.166,0,4.166,4.166,5.00116,0,5.00116,5.00116,2.99626,0.0751399,2.91126,3.08126,12.1634,0.0751399,12.0784,12.2484,
4,25,6,8,6,6,6,0,0,0,0,0,0,0,0,0,0,0,0,4.166,0,4.166,4.166,5.00116,0,5.00116,5.00116,2.99293,0.0742473,2.90926,3.07726,12.1601,0.0742473,12.0764,12.2444,
4,17,5,9,6,6,0,0,0,0,0,0,0,0,0,0,0,0,0,4.166,0,4.166,4.166,10.0012,0,10.0012,10.0012,4.03131,0.0742473,3.94698,4.11498,18.1985,0.0742473,18.1141,18.2821,
4,1,2,2,6,6,6,0,0,0,0,0,0,0,0,0,0,0,0,8.333,0,8.333,8.333,0,0,0,0,3.79947,0.0742473,3.71514,3.88314,12.1325,0.0742473,12.0481,12.2161,
4,18,5,2,6,6,6,0,0,0,0,0,0,0,0,0,0,0,0,8.333,0,8.333,8.333,1.00072,0,1.00072,1.00072,2.82209,0.0742473,2.73842,2.90642,12.1558,0.0742473,12.0721,12.2401,
4,3,2,3,6,6,6,0,0,0,0,0,0,0,0,0,0,0,0,8.333,0,8.333,8.333,1.00072,0,1.00072,1.00072,3.77875,0.0742473,3.69442,3.86242,13.1125,0.0742473,13.0281,13.1961,
4,10,3,3,6,6,6,0,0,0,0,0,0,0,0,0,0,0,0,8.333,0,8.333,8.333,0,0,0,0,2.96947,0.0742473,2.88514,3.05314,11.3025,0.0742473,11.2181,11.3861,
4,14,4,3,6,6,6,0,0,0,0,0,0,0,0,0,0,0,0,8.333,0,8.333,8.333,1.00072,0,1.00072,1.00072,5.63542,0.0751399,5.55042,5.72042,14.9691,0.0751399,14.8841,15.0541,
4,2,2,4,6,6,6,0,0,0,0,0,0,0,0,0,0,0,0,8.333,0,8.333,8.333,1.00072,0,1.00072,1.00072,3.78209,0.0742473,3.69842,3.86642,13.1158,0.0742473,13.0321,13.2001,
4,9,3,4,6,6,6,0,0,0,0,0,0,0,0,0,0,0,0,8.333,0,8.333,8.333,1.00072,0,1.00072,1.00072,2.86542,0.197094,2.69842,3.11642,12.1991,0.197094,12.0321,12.4501,
4,20,5,4,6,6,6,0,0,0,0,0,0,0,0,0,0,0,0,8.333,0,8.333,8.333,1.00072,0,1.00072,1.00072,4.17971,0.169991,3.96442,4.32885,13.5134,0.169991,13.2981,13.6626,
4,12,4,5,6,6,6,0,0,0,0,0,0,0,0,0,0,0,0,8.333,0,8.333,8.333,1.00072,0,1.00072,1.00072,5.52828,0.0751399,5.44328,5.61328,14.862,0.0751399,14.777,14.947,
4,19,5,5,6,6,6,0,0,0,0,0,0,0,0,0,0,0,0,8.333,0,8.333,8.333,0,0,0,0,4.49376,0.038577,4.44514,4.53114,12.8268,0.038577,12.7781,12.8641,
4,22,6,5,6,6,6,0,0,0,0,0,0,0,0,0,0,0,0,8.333,0,8.333,8.333,1.00072,0,1.00072,1.00072,4.44494,0.0742473,4.36128,4.52928,13.7787,0.0742473,13.695,13.863,
4,5,2,6,6,6,6,0,0,0,0,0,0,0,0,0,0,0,0,8.333,0,8.333,8.333,1.00072,0,1.00072,1.00072,3.82209,0.0742473,3.73842,3.90642,13.1558,0.0742473,13.0721,13.2401,
4,8,3,6,6,6,6,0,0,0,0,0,0,0,0,0,0,0,0,8.333,0,8.333,8.333,1.00072,0,1.00072,1.00072,2.88209,0.0742473,2.79842,2.96642,12.2158,0.0742473,12.1321,12.3001,
4,23,6,6,6,6,6,0,0,0,0,0,0,0,0,0,0,0,0,8.333,0,8.333,8.333,0,0,0,0,4.57281,0.0742473,4.48914,4.65714,12.9058,0.0742473,12.8221,12.9901,
4.1,6,3,7,6,6,6,0,0,0,0,0,0,0,0,0,0,0,0,4.166,0,4.166,4.166,5.00116,0,5.00116,5.00116,3.84598,0.0751399,3.76098,3.93098,13.0131,0.0751399,12.9281,13.0981,
4.1,11,4,7,6,6,6,0,0,0,0,0,0,0,0,0,0,0,0,4.166,0,4.166,4.166,5.00116,0,5.00116,5.00116,2.99693,0.0742473,2.91326,3.08126,12.1641,0.0742473,12.0804,12.2484,
4.1,15,4,7,6,6,6,0,0,0,0,0,0,0,0,0,0,0,0,4.166,0,4.166,4.166,5.06403,0,5.06403,5.06403,4.44977,0.325442,4.19811,4.86811,13.6798,0.325442,13.4281,14.0981,
4.1,16,5,7,6,6,6,0,0,0,0,0,0,0,0,0,0,0,0,4.166,0,4.166,4.166,5.00116,0,5.00116,5.00116,5.63467,0.570039,4.51098,6.02555,14.8018,0.570039,13.6781,15.1927,
4.1,4,2,8,6,6,6,0,0,0,0,0,0,0,0,0,0,0,0,4.166,0,4.166,4.166,5.00116,0,5.00116,5.00116,3.0396,0.0742473,2.95526,3.12326,12.2068,0.0742473,12.1224,12.2904,
4.1,7,3,8,6,6,6,0,0,0,0,0,0,0,0,0,0,0,0,4.166,0,4.166,4.166,5.00116,0,5.00116,5.00116,4.08407,0.0915757,3.97526,4.18098,13.2512,0.0915757,13.1424,13.3481,
4.1,21,6,8,6,6,6,0,0,0,0,0,0,0,0,0,0,0,0,4.166,0,4.166,4.166,5.00116,0,5.00116,5.00116,3.00026,0.0751399,2.91526,3.08526,12.1674,0.0751399,12.0824,12.2524,
4.1,25,6,8,6,6,6,0,0,0,0,0,0,0,0,0,0,0,0,4.166,0,4.166,4.166,5.00116,0,5.00116,5.00116,2.99693,0.0742473,2.91326,3.08126,12.1641,0.0742473,12.0804,12.2484,
4.1,24,6,9,6,5,0,0,0,0,0,0,0,0,0,0,0,0,0,4.166,0,4.166,4.166,10.0012,0,10.0012,10.0012,5.98298,0.172163,5.84898,6.26498,20.1501,0.172163,20.0161,20.4321,
4.1,1,2,2,6,6,6,0,0,0,0,0,0,0,0,0,0,0,0,8.333,0,8.333,8.333,0,0,0,0,3.80347,0.0742473,3.71914,3.88714,12.1365,0.0742473,12.0521,12.2201,
4.1,17,5,2,6,6,5,0,0,0,0,0,0,0,0,0,0,0,0,7.6385,1.70117,4.166,8.333,2.50079,3.67442,1.00072,10.0012,5.35461,0.639062,4.11698,5.85042,15.4939,1.38177,14.7661,18.2841,
4.1,18,5,2,6,6,6,0,0,0,0,0,0,0,0,0,0,0,0,8.333,0,8.333,8.333,1.00072,0,1.00072,1.00072,3.62966,0.396746,2.82442,3.83899,12.9634,0.396746,12.1581,13.1727,
4.1,3,2,3,6,6,6,0,0,0,0,0,0,0,0,0,0,0,0,8.333,0,8.333,8.333,1.00072,0,1.00072,1.00072,3.78275,0.0742473,3.69842,3.86642,13.1165,0.0742473,13.0321,13.2001,
4.1,10,3,3,6,6,6,0,0,0,0,0,0,0,0,0,0,0,0,8.333,0,8.333,8.333,0,0,0,0,2.97347,0.0742473,2.88914,3.05714,11.3065,0.0742473,11.2221,11.3901,
4.1,14,4,3,6,6,6,0,0,0,0,0,0,0,0,0,0,0,0,8.333,0,8.333,8.333,1.00072,0,1.00072,1.00072,5.63942,0.0751399,5.55442,5.72442,14.9731,0.0751399,14.8881,15.0581,
4.1,2,2,4,6,6,6,0,0,0,0,0,0,0,0,0,0,0,0,8.333,0,8.333,8.333,1.00072,0,1.00072,1.00072,3.82775,0.088106,3.70242,3.95442,13.1615,0.088106,13.0361,13.2881,
4.1,9,3,4,6,6,6,0,0,0,0,0,0,0,0,0,0,0,0,8.333,0,8.333,8.333,1.00072,0,1.00072,1.00072,2.86942,0.197094,2.70242,3.12042,12.2031,0.197094,12.0361,12.4541,
4.1,20,5,4,6,6,6,0,0,0,0,0,0,0,0,0,0,0,0,8.333,0,8.333,8.333,1.00072,0,1.00072,1.00072,3.54382,0.487001,3.13642,4.33085,12.8775,0.487001,12.4701,13.6646,
4.1,12,4,5,6,6,6,0,0,0,0,0,0,0,0,0,0,0,0,8.333,0,8.333,8.333,1.00072,0,1.00072,1.00072,5.53228,0.0751399,5.44728,5.61728,14.866,0.0751399,14.781,14.951,
4.1,19,5,5,6,6,6,0,0,0,0,0,0,0,0,0,0,0,0,8.333,0,8.333,8.333,0,0,0,0,5.46204,0.483037,4.508,5.86714,13.795,0.483037,12.841,14.2001,
4.1,22,6,5,6,6,6,0,0,0,0,0,0,0,0,0,0,0,0,8.333,0,8.333,8.333,1.00072,0,1.00072,1.00072,5.76442,0.648428,4.44728,6.14042,15.0981,0.648428,13.781,15.4741,
4.1,5,2,6,6,6,6,0,0,0,0,0,0,0,0,0,0,0,0,8.333,0,8.333,8.333,1.00072,0,1.00072,1.00072,3.8499,0.0651719,3.74242,3.91042,13.1836,0.0651719,13.0761,13.2441,
4.1,8,3,6,6,6,6,0,0,0,0,0,0,0,0,0,0,0,0,8.333,0,8.333,8.333,1.00072,0,1.00072,1.00072,2.88609,0.0742473,2.80242,2.97042,12.2198,0.0742473,12.1361,12.3041,
4.1,23,6,6,6,6,6,0,0,0,0,0,0,0,0,0,0,0,0,8.333,0,8.333,8.333,0,0,0,0,5.77919,0.597166,4.57514,6.15914,14.1122,0.597166,12.9081,14.4921,
4.2,6,3,7,6,6,6,0,0,0,0,0,0,0,0,0,0,0,0,4.166,0,4.166,4.166,5.00116,0,5.00116,5.00116,3.84998,0.0751399,3.76498,3.93498,13.0171,0.0751399,12.9321,13.1021,
4.2,11,4,7,6,6,6,0,0,0,0,0,0,0,0,0,0,0,0,4.166,0,4.166,4.166,5.00116,0,5.00116,5.00116,3.00093,0.0742473,2.91726,3.08526,12.1681,0.0742473,12.0844,12.2524,
4.2,15,4,7,6,6,6,0,0,0,0,0,0,0,0,0,0,0,0,4.166,0,4.166,4.166,5.06403,0,5.06403,5.06403,4.49544,0.315536,4.20211,4.87211,13.7255,0.315536,13.4321,14.1021,
4.2,16,5,7,6,6,6,0,0,0,0,0,0,0,0,0,0,0,0,4.166,0,4.166,4.166,5.00116,0,5.00116,5.00116,5.74879,0.218596,5.57584,6.02955,14.916,0.218596,14.743,15.1967,
4.2,4,2,8,6,6,6,0,0,0,0,0,0,0,0,0,0,0,0,4.166,0,4.166,4.166,5.00116,0,5.00116,5.00116,3.0436,0.0742473,2.95926,3.12726,12.2108,0.0742473,12.1264,12.2944,
4.2,7,3,8,6,6,6,0,0,0,0,0,0,0,0,0,0,0,0,4.166,0,4.166,4.166,5.00116,0,5.00116,5.00116,4.04045,0.104483,3.89926,4.18298,13.2076,0.104483,13.0664,13.3501,
4.2,21,6,8,6,6,6,0,0,0,0,0,0,0,0,0,0,0,0,4.166,0,4.166,4.166,5.00116,0,5.00116,5.00116,3.00426,0.0751399,2.91926,3.08926,12.1714,0.0751399,12.0864,12.2564,
4.2,25,6,8,6,6,6,0,0,0,0,0,0,0,0,0,0,0,0,4.166,0,4.166,4.166,5.00116,0,5.00116,5.00116,3.00093,0.0742473,2.91726,3.08526,12.1681,0.0742473,12.0844,12.2524,
4.2,24,6,9,6,6,0,0,0,0,0,0,0,0,0,0,0,0,0,4.166,0,4.166,4.166,10.0012,0,10.0012,10.0012,5.93664,0.0742473,5.85298,6.02098,20.1038,0.0742473,20.0201,20.1881,
4.2,1,2,2,6,6,6,0,0,0,0,0,0,0,0,0,0,0,0,8.333,0,8.333,8.333,0,0,0,0,3.80747,0.0742473,3.72314,3.89114,12.1405,0.0742473,12.0561,12.2241,
4.2,17,5,2,6,6,6,0,0,0,0,0,0,0,0,0,0,0,0,8.333,0,8.333,8.333,1.00072,0,1.00072,1.00072,5.5439,0.246565,5.29356,5.85442,14.8776,0.246565,14.6273,15.1881,
4.2,18,5,2,6,6,6,0,0,0,0,0,0,0,0,0,0,0,0,8.333,0,8.333,8.333,1.00072,0,1.00072,1.00072,3.78247,0.0589225,3.71071,3.84299,13.1162,0.0589225,13.0444,13.1767,
4.2,3,2,3,6,6,6,0,0,0,0,0,0,0,0,0,0,0,0,8.333,0,8.333,8.333,1.00072,0,1.00072,1.00072,3.78675,0.0742473,3.70242,3.87042,13.1205,0.0742473,13.0361,13.2041,
4.2,10,3,3,6,6,6,0,0,0,0,0,0,0,0,0,0,0,0,8.333,0,8.333,8.333,0,0,0,0,2.97747,0.0742473,2.89314,3.06114,11.3105,0.0742473,11.2261,11.3941,
4.2,14,4,3,6,6,6,0,0,0,0,0,0,0,0,0,0,0,0,8.333,0,8.333,8.333,1.00072,0,1.00072,1.00072,5.68509,0.126343,5.55842,5.89242,15.0188,0.126343,14.8921,15.2261,
4.2,2,2,4,6,6,6,0,0,0,0,0,0,0,0,0,0,0,0,8.333,0,8.333,8.333,1.00072,0,1.00072,1.00072,3.79009,0.0742473,3.70642,3.87442,13.1238,0.0742473,13.0401,13.2081,
4.2,9,3,4,6,6,6,0,0,0,0,0,0,0,0,0,0,0,0,8.333,0,8.333,8.333,1.00072,0,1.00072,1.00072,2.87342,0.197094,2.70642,3.12442,12.2071,0.197094,12.0401,12.4581,
4.2,20,5,4,6,6,6,0,0,0,0,0,0,0,0,0,0,0,0,8.333,0,8.333,8.333,1.00072,0,1.00072,1.00072,3.22342,0.0751399,3.13842,3.30842,12.5571,0.0751399,12.4721,12.6421,
4.2,12,4,5,6,6,6,0,0,0,0,0,0,0,0,0,0,0,0,8.333,0,8.333,8.333,1.00072,0,1.00072,1.00072,5.57794,0.126343,5.45128,5.78528,14.9117,0.126343,14.785,15.119,
4.2,19,5,5,6,6,6,0,0,0,0,0,0,0,0,0,0,0,0,8.333,0,8.333,8.333,0,0,0,0,5.72795,0.130064,5.53714,5.87114,14.0609,0.130064,13.8701,14.2041,
4.2,22,6,5,6,6,6,0,0,0,0,0,0,0,0,0,0,0,0,8.333,0,8.333,8.333,1.00072,0,1.00072,1.00072,6.06009,0.0742473,5.97642,6.14442,15.3938,0.0742473,15.3101,15.4781,
4.2,5,2,6,6,6,6,0,0,0,0,0,0,0,0,0,0,0,0,8.333,0,8.333,8.333,1.00072,0,1.00072,1.00072,3.83009,0.0742473,3.74642,3.91442,13.1638,0.0742473,13.0801,13.2481,
4.2,8,3,6,6,6,6,0,0,0,0,0,0,0,0,0,0,0,0,8.333,0,8.333,8.333,1.00072,0,1.00072,1.00072,2.89009,0.0742473,2.80642,2.97442,12.2238,0.0742473,12.1401,12.3081,
4.2,23,6,6,6,6,6,0,0,0,0,0,0,0,0,0,0,0,0,8.333,0,8.333,8.333,0,0,0,0,6.00938,0.0742473,5.92571,6.09371,14.3424,0.0742473,14.2587,14.4267,
4.3,6,3,7,6,6,6,0,0,0,0,0,0,0,0,0,0,0,0,4.166,0,4.166,4.166,5.00116,0,5.00116,5.00116,3.85398,0.0751399,3.76898,3.93898,13.0211,0.0751399,12.9361,13.1061,
4.3,11,4,7,6,6,6,0,0,0,0,0,0,0,0,0,0,0,0,4.166,0,4.166,4.166,5.00116,0,5.00116,5.00116,3.00493,0.0742473,2.92126,3.08926,12.1721,0.0742473,12.0884,12.2564,
4.3,15,4,7,6,6,6,0,0,0,0,0,0,0,0,0,0,0,0,4.166,0,4.166,4.166,5.06403,0,5.06403,5.06403,4.45777,0.325442,4.20611,4.87611,13.6878,0.325442,13.4361,14.1061,
4.3,16,5,7,6,6,6,0,0,0,0,0,0,0,0,0,0,0,0,4.166,0,4.166,4.166,5.00116,0,5.00116,5.00116,5.75279,0.218596,5.57984,6.03355,14.92,0.218596,14.747,15.2007,
4.3,4,2,8,6,6,6,0,0,0,0,0,0,0,0,0,0,0,0,4.166,0,4.166,4.166,5.00116,0,5.00116,5.00116,3.0476,0.0742473,2.96326,3.13126,12.2148,0.0742473,12.1304,12.2984,
4.3,7,3,8,6,6,6,0,0,0,0,0,0,0,0,0,0,0,0,4.166,0,4.166,4.166,5.00116,0,5.00116,5.00116,3.99684,0.0907399,3.90126,4.10498,13.164,0.0907399,13.0684,13.2721,
4.3,21,6,8,6,6,6,0,0,0,0,0,0,0,0,0,0,0,0,4.166,0,4.166,4.166,5.00116,0,5.00116,5.00116,3.00826,0.0751399,2.92326,3.09326,12.1754,0.0751399,12.0904,12.2604,
4.3,25,6,8,6,6,6,0,0,0,0,0,0,0,0,0,0,0,0,4.166,0,4.166,4.166,5.00116,0,5.00116,5.00116,3.00493,0.0742473,2.92126,3.08926,12.1721,0.0742473,12.0884,12.2564,
4.3,24,6,9,6,6,0,0,0,0,0,0,0,0,0,0,0,0,0,4.166,0,4.166,4.166,10.0012,0,10.0012,10.0012,5.94064,0.0742473,5.85698,6.02498,20.1078,0.0742473,20.0241,20.1921,
4.3,1,2,2,6,6,6,0,0,0,0,0,0,0,0,0,0,0,0,8.333,0,8.333,8.333,0,0,0,0,3.81147,0.0742473,3.72714,3.89514,12.1445,0.0742473,12.0601,12.2281,
4.3,17,5,2,6,6,6,0,0,0,0,0,0,0,0,0,0,0,0,8.333,0,8.333,8.333,1.00072,0,1.00072,1.00072,5.5598,0.233435,5.36899,5.85842,14.8935,0.233435,14.7027,15.1921,
4.3,18,5,2,6,6,6,0,0,0,0,0,0,0,0,0,0,0,0,8.333,0,8.333,8.333,1.00072,0,1.00072,1.00072,3.78647,0.0589225,3.71471,3.84699,13.1202,0.0589225,13.0484,13.1807,
4.3,3,2,3,6,6,6,0,0,0,0,0,0,0,0,0,0,0,0,8.333,0,8.333,8.333,1.00072,0,1.00072,1.00072,3.79075,0.0742473,3.70642,3.87442,13.1245,0.0742473,13.0401,13.2081,
4.3,10,3,3,6,6,6,0,0,0,0,0,0,0,0,0,0,0,0,8.333,0,8.333,8.333,0,0,0,0,2.98147,0.0742473,2.89714,3.06514,11.3145,0.0742473,11.2301,11.3981,
4.3,14,4,3,6,6,6,0,0,0,0,0,0,0,0,0,0,0,0,8.333,0,8.333,8.333,1.00072,0,1.00072,1.00072,5.64742,0.0751399,5.56242,5.73242,14.9811,0.0751399,14.8961,15.0661,
4.3,2,2,4,6,6,6,0,0,0,0,0,0,0,0,0,0,0,0,8.333,0,8.333,8.333,1.00072,0,1.00072,1.00072,3.83575,0.156085,3.71042,4.12842,13.1695,0.156085,13.0441,13.4621,
4.3,9,3,4,6,6,6,0,0,0,0,0,0,0,0,0,0,0,0,8.333,0,8.333,8.333,1.00072,0,1.00072,1.00072,2.87742,0.197094,2.71042,3.12842,12.2111,0.197094,12.0441,12.4621,
4.3,20,5,4,6,6,6,0,0,0,0,0,0,0,0,0,0,0,0,8.333,0,8.333,8.333,1.00072,0,1.00072,1.00072,3.22742,0.0751399,3.14242,3.31242,12.5611,0.0751399,12.4761,12.6461,
4.3,12,4,5,6,6,6,0,0,0,0,0,0,0,0,0,0,0,0,8.333,0,8.333,8.333,1.00072,0,1.00072,1.00072,5.54028,0.0751399,5.45528,5.62528,14.874,0.0751399,14.789,14.959,
4.3,19,5,5,6,6,6,0,0,0,0,0,0,0,0,0,0,0,0,8.333,0,8.333,8.333,0,0,0,0,5.76766,0.0906349,5.67143,5.87514,14.1007,0.0906349,14.0044,14.2081,
4.3,22,6,5,6,6,6,0,0,0,0,0,0,0,0,0,0,0,0,8.333,0,8.333,8.333,1.00072,0,1.00072,1.00072,6.06409,0.0742473,5.98042,6.14842,15.3978,0.0742473,15.3141,15.4821,
4.3,5,2,6,6,6,6,0,0,0,0,0,0,0,0,0,0,0,0,8.333,0,8.333,8.333,1.00072,0,1.00072,1.00072,3.8579,0.117189,3.75042,4.06128,13.1916,0.117189,13.0841,13.395,
4.3,8,3,6,6,6,6,0,0,0,0,0,0,0,0,0,0,0,0,8.333,0,8.333,8.333,1.00072,0,1.00072,1.00072,2.89409,0.0742473,2.81042,2.97842,12.2278,0.0742473,12.1441,12.3121,
4.3,23,6,6,6,6,6,0,0,0,0,0,0,0,0,0,0,0,0,8.333,0,8.333,8.333,0,0,0,0,6.01338,0.0742473,5.92971,6.09771,14.3464,0.0742473,14.2627,14.4307,
4.4,6,3,7,6,6,6,0,0,0,0,0,0,0,0,0,0,0,0,4.166,0,4.166,4.166,5.00116,0,5.00116,5.00116,3.77464,0.0742473,3.69098,3.85898,12.9418,0.0742473,12.8581,13.0261,
4.4,11,4,7,6,6,6,0,0,0,0,0,0,0,0,0,0,0,0,4.166,0,4.166,4.166,5.00116,0,5.00116,5.00116,3.00893,0.0742473,2.92526,3.09326,12.1761,0.0742473,12.0924,12.2604,
4.4,15,4,7,6,6,6,0,0,0,0,0,0,0,0,0,0,0,0,4.166,0,4.166,4.166,5.06403,0,5.06403,5.06403,4.46177,0.325442,4.21011,4.88011,13.6918,0.325442,13.4401,14.1101,
4.4,16,5,7,6,6,6,0,0,0,0,0,0,0,0,0,0,0,0,4.166,0,4.166,4.166,5.00116,0,5.00116,5.00116,5.75679,0.218596,5.58384,6.03755,14.924,0.218596,14.751,15.2047,
4.4,4,2,8,6,6,6,0,0,0,0,0,0,0,0,0,0,0,0,4.166,0,4.166,4.166,5.00116,0,5.00116,5.00116,3.0516,0.0742473,2.96726,3.13526,12.2188,0.0742473,12.1344,12.3024,
4.4,7,3,8,6,6,6,0,0,0,0,0,0,0,0,0,0,0,0,4.166,0,4.166,4.166,5.00116,0,5.00116,5.00116,4.00084,0.0907399,3.90526,4.10898,13.168,0.0907399,13.0724,13.2761,
4.4,21,6,8,6,6,6,0,0,0,0,0,0,0,0,0,0,0,0,4.166,0,4.166,4.166,5.00116,0,5.00116,5.00116,3.01226,0.0751399,2.92726,3.09726,12.1794,0.0751399,12.0944,12.2644,
4.4,25,6,8,6,6,6,0,0,0,0,0,0,0,0,0,0,0,0,4.166,0,4.166,4.166,5.00116,0,5.00116,5.00116,3.00893,0.0742473,2.92526,3.09326,12.1761,0.0742473,12.0924,12.2604,
4.4,24,6,9,6,6,0,0,0,0,0,0,0,0,0,0,0,0,0,4.166,0,4.166,4.166,10.0012,0,10.0012,10.0012,5.94464,0.0742473,5.86098,6.02898,20.1118,0.0742473,20.0281,20.1961,
4.4,1,2,2,6,6,6,0,0,0,0,0,0,0,0,0,0,0,0,8.333,0,8.333,8.333,0,0,0,0,3.81547,0.0742473,3.73114,3.89914,12.1485,0.0742473,12.0641,12.2321,
4.4,17,5,2,6,6,6,0,0,0,0,0,0,0,0,0,0,0,0,8.333,0,8.333,8.333,1.00072,0,1.00072,1.00072,5.5638,0.233435,5.37299,5.86242,14.8975,0.233435,14.7067,15.1961,
4.4,18,5,2,6,6,6,0,0,0,0,0,0,0,0,0,0,0,0,8.333,0,8.333,8.333,1.00072,0,1.00072,1.00072,3.79047,0.0589225,3.71871,3.85099,13.1242,0.0589225,13.0524,13.1847,
4.4,3,2,3,6,6,6,0,0,0,0,0,0,0,0,0,0,0,0,8.333,0,8.333,8.333,1.00072,0,1.00072,1.00072,3.79475,0.0742473,3.71042,3.87842,13.1285,0.0742473,13.0441,13.2121,
4.4,10,3,3,6,6,6,0,0,0,0,0,0,0,0,0,0,0,0,8.333,0,8.333,8.333,0,0,0,0,2.97654,0.064793,2.90114,3.06714,11.3095,0.064793,11.2341,11.4001,
4.4,14,4,3,6,6,6,0,0,0,0,0,0,0,0,0,0,0,0,8.333,0,8.333,8.333,1.00072,0,1.00072,1.00072,5.65142,0.0751399,5.56642,5.73642,14.9851,0.0751399,14.9001,15.0701,
4.4,2,2,4,6,6,6,0,0,0,0,0,0,0,0,0,0,0,0,8.333,0,8.333,8.333,1.00072,0,1.00072,1.00072,3.79809,0.0742473,3.71442,3.88242,13.1318,0.0742473,13.0481,13.2161,
4.4,9,3,4,6,6,6,0,0,0,0,0,0,0,0,0,0,0,0,8.333,0,8.333,8.333,1.00072,0,1.00072,1.00072,2.88142,0.197094,2.71442,3.13242,12.2151,0.197094,12.0481,12.4661,
4.4,20,5,4,6,6,6,0,0,0,0,0,0,0,0,0,0,0,0,8.333,0,8.333,8.333,1.00072,0,1.00072,1.00072,3.23142,0.0751399,3.14642,3.31642,12.5651,0.0751399,12.4801,12.6501,
4.4,12,4,5,6,6,6,0,0,0,0,0,0,0,0,0,0,0,0,8.333,0,8.333,8.333,1.00072,0,1.00072,1.00072,5.54428,0.0751399,5.45928,5.62928,14.878,0.0751399,14.793,14.963,
4.4,19,5,5,6,6,6,0,0,0,0,0,0,0,0,0,0,0,0,8.333,0,8.333,8.333,0,0,0,0,5.77166,0.0906349,5.67543,5.87914,14.1047,0.0906349,14.0084,14.2121,
4.4,22,6,5,6,6,6,0,0,0,0,0,0,0,0,0,0,0,0,8.333,0,8.333,8.333,1.00072,0,1.00072,1.00072,6.06809,0.0742473,5.98442,6.15242,15.4018,0.0742473,15.3181,15.4861,
4.4,5,2,6,6,6,6,0,0,0,0,0,0,0,0,0,0,0,0,8.333,0,8.333,8.333,1.00072,0,1.00072,1.00072,3.83809,0.0742473,3.75442,3.92242,13.1718,0.0742473,13.0881,13.2561,
4.4,8,3,6,6,6,6,0,0,0,0,0,0,0,0,0,0,0,0,8.333,0,8.333,8.333,1.00072,0,1.00072,1.00072,2.89809,0.0742473,2.81442,2.98242,12.2318,0.0742473,12.1481,12.3161,
4.4,23,6,6,6,6,6,0,0,0,0,0,0,0,0,0,0,0,0,8.333,0,8.333,8.333,0,0,0,0,6.01738,0.0742473,5.93371,6.10171,14.3504,0.0742473,14.2667,14.4347,
4.5,6,3,7,6,6,6,0,0,0,0,0,0,0,0,0,0,0,0,4.166,0,4.166,4.166,5.00116,0,5.00116,5.00116,2.99293,0.0742473,2.90926,3.07726,12.1601,0.0742473,12.0764,12.2444,
4.5,11,4,7,6,6,6,0,0,0,0,0,0,0,0,0,0,0,0,4.166,0,4.166,4.166,5.00116,0,5.00116,5.00116,3.01293,0.0742473,2.92926,3.09726,12.1801,0.0742473,12.0964,12.2644,
4.5,15,4,7,6,6,6,0,0,0,0,0,0,0,0,0,0,0,0,4.166,0,4.166,4.166,5.06403,0,5.06403,5.06403,4.46577,0.325442,4.21411,4.88411,13.6958,0.325442,13.4441,14.1141,
4.5,16,5,7,6,6,6,0,0,0,0,0,0,0,0,0,0,0,0,4.166,0,4.166,4.166,5.00116,0,5.00116,5.00116,5.76079,0.218596,5.58784,6.04155,14.928,0.218596,14.755,15.2087,
4.5,4,2,8,6,6,6,0,0,0,0,0,0,0,0,0,0,0,0,4.166,0,4.166,4.166,5.00116,0,5.00116,5.00116,3.0675,0.0589225,3.00698,3.13926,12.2347,0.0589225,12.1741,12.3064,
4.5,21,6,8,6,6,6,0,0,0,0,0,0,0,0,0,0,0,0,4.166,0,4.166,4.166,5.00116,0,5.00116,5.00116,3.01626,0.0751399,2.93126,3.10126,12.1834,0.0751399,12.0984,12.2684,
4.5,25,6,8,6,6,6,0,0,0,0,0,0,0,0,0,0,0,0,4.166,0,4.166,4.166,5.00116,0,5.00116,5.00116,3.01293,0.0742473,2.92926,3.09726,12.1801,0.0742473,12.0964,12.2644,
4.5,24,6,9,6,6,0,0,0,0,0,0,0,0,0,0,0,0,0,4.166,0,4.166,4.166,10.0012,0,10.0012,10.0012,5.94864,0.0742473,5.86498,6.03298,20.1158,0.0742473,20.0321,20.2001,
4.5,1,2,2,6,6,6,0,0,0,0,0,0,0,0,0,0,0,0,8.333,0,8.333,8.333,0,0,0,0,4.72424,0.185589,4.48514,4.86743,13.0572,0.185589,12.8181,13.2004,
4.5,17,5,2,6,6,6,0,0,0,0,0,0,0,0,0,0,0,0,8.333,0,8.333,8.333,1.00072,0,1.00072,1.00072,5.5678,0.233435,5.37699,5.86642,14.9015,0.233435,14.7107,15.2001,
4.5,18,5,2,6,6,6,0,0,0,0,0,0,0,0,0,0,0,0,8.333,0,8.333,8.333,1.00072,0,1.00072,1.00072,3.79447,0.0589225,3.72271,3.85499,13.1282,0.0589225,13.0564,13.1887,
4.5,3,2,3,6,6,6,0,0,0,0,0,0,0,0,0,0,0,0,8.333,0,8.333,8.333,1.00072,0,1.00072,1.00072,4.77494,0.0742473,4.69128,4.85928,14.1087,0.0742473,14.025,14.193,
4.5,10,3,3,6,6,6,0,0,0,0,0,0,0,0,0,0,0,0,8.333,0,8.333,8.333,0,0,0,0,2.82281,0.0742473,2.73914,2.90714,11.1558,0.0742473,11.0721,11.2401,
4.5,14,4,3,6,6,6,0,0,0,0,0,0,0,0,0,0,0,0,8.333,0,8.333,8.333,1.00072,0,1.00072,1.00072,5.65542,0.0751399,5.57042,5.74042,14.9891,0.0751399,14.9041,15.0741,
4.5,2,2,4,6,6,6,0,0,0,0,0,0,0,0,0,0,0,0,8.333,0,8.333,8.333,1.00072,0,1.00072,1.00072,3.84375,0.088106,3.71842,3.97042,13.1775,0.088106,13.0521,13.3041,
4.5,9,3,4,6,6,6,0,0,0,0,0,0,0,0,0,0,0,0,8.333,0,8.333,8.333,1.00072,0,1.00072,1.00072,2.88542,0.197094,2.71842,3.13642,12.2191,0.197094,12.0521,12.4701,
4.5,20,5,4,6,6,6,0,0,0,0,0,0,0,0,0,0,0,0,8.333,0,8.333,8.333,1.00072,0,1.00072,1.00072,3.23542,0.0751399,3.15042,3.32042,12.5691,0.0751399,12.4841,12.6541,
4.5,12,4,5,6,6,6,0,0,0,0,0,0,0,0,0,0,0,0,8.333,0,8.333,8.333,1.00072,0,1.00072,1.00072,5.54828,0.0751399,5.46328,5.63328,14.882,0.0751399,14.797,14.967,
4.5,19,5,5,6,6,6,0,0,0,0,0,0,0,0,0,0,0,0,8.333,0,8.333,8.333,0,0,0,0,5.77566,0.0906349,5.67943,5.88314,14.1087,0.0906349,14.0124,14.2161,
4.5,22,6,5,6,6,6,0,0,0,0,0,0,0,0,0,0,0,0,8.333,0,8.333,8.333,1.00072,0,1.00072,1.00072,6.07209,0.0742473,5.98842,6.15642,15.4058,0.0742473,15.3221,15.4901,
4.5,5,2,6,6,6,6,0,0,0,0,0,0,0,0,0,0,0,0,8.333,0,8.333,8.333,1.00072,0,1.00072,1.00072,3.8659,0.0651719,3.75842,3.92642,13.1996,0.0651719,13.0921,13.2601,
4.5,8,3,6,6,6,6,0,0,0,0,0,0,0,0,0,0,0,0,8.333,0,8.333,8.333,1.00072,0,1.00072,1.00072,2.90209,0.0742473,2.81842,2.98642,12.2358,0.0742473,12.1521,12.3201,
4.5,23,6,6,6,6,6,0,0,0,0,0,0,0,0,0,0,0,0,8.333,0,8.333,8.333,0,0,0,0,6.02138,0.0742473,5.93771,6.10571,14.3544,0.0742473,14.2707,14.4387,
4.6,6,3,7,6,6,6,0,0,0,0,0,0,0,0,0,0,0,0,4.166,0,4.166,4.166,5.00116,0,5.00116,5.00116,2.99693,0.0742473,2.91326,3.08126,12.1641,0.0742473,12.0804,12.2484,
4.6,11,4,7,6,6,6,0,0,0,0,0,0,0,0,0,0,0,0,4.166,0,4.166,4.166,5.00116,0,5.00116,5.00116,3.01693,0.0742473,2.93326,3.10126,12.1841,0.0742473,12.1004,12.2684,
4.6,15,4,7,6,6,6,0,0,0,0,0,0,0,0,0,0,0,0,4.166,0,4.166,4.166,5.06403,0,5.06403,5.06403,4.46977,0.325442,4.21811,4.88811,13.6998,0.325442,13.4481,14.1181,
4.6,16,5,7,6,6,6,0,0,0,0,0,0,0,0,0,0,0,0,4.166,0,4.166,4.166,5.00116,0,5.00116,5.00116,5.76479,0.218596,5.59184,6.04555,14.932,0.218596,14.759,15.2127,
4.6,4,2,8,6,6,6,0,0,0,0,0,0,0,0,0,0,0,0,4.166,0,4.166,4.166,5.00116,0,5.00116,5.00116,3.0596,0.0742473,2.97526,3.14326,12.2268,0.0742473,12.1424,12.3104,
4.6,21,6,8,6,6,6,0,0,0,0,0,0,0,0,0,0,0,0,4.166,0,4.166,4.166,5.00116,0,5.00116,5.00116,3.02026,0.0751399,2.93526,3.10526,12.1874,0.0751399,12.1024,12.2724,
4.6,24,3,8,6,5,5,0,0,0,0,0,0,0,0,0,0,0,0,4.166,0,4.166,4.166,5.00116,0,5.00116,5.00116,3.08298,0.0699285,3.01498,3.18298,12.2501,0.0699285,12.1821,12.3501,
4.6,25,6,8,6,6,6,0,0,0,0,0,0,0,0,0,0,0,0,4.166,0,4.166,4.166,5.00116,0,5.00116,5.00116,3.01693,0.0742473,2.93326,3.10126,12.1841,0.0742473,12.1004,12.2684,
4.6,13,4,9,5,4,0,0,0,0,0,0,0,0,0,0,0,0,0,4.166,0,4.166,4.166,10.0012,0,10.0012,10.0012,3.11419,0.249252,2.93298,3.47926,17.2814,0.249252,17.1001,17.6464,
4.6,1,2,2,6,6,6,0,0,0,0,0,0,0,0,0,0,0,0,8.333,0,8.333,8.333,0,0,0,0,3.82347,0.0742473,3.73914,3.90714,12.1565,0.0742473,12.0721,12.2401,
4.6,17,5,2,6,6,6,0,0,0,0,0,0,0,0,0,0,0,0,8.333,0,8.333,8.333,1.00072,0,1.00072,1.00072,5.5718,0.233435,5.38099,5.87042,14.9055,0.233435,14.7147,15.2041,
4.6,18,5,2,6,6,6,0,0,0,0,0,0,0,0,0,0,0,0,8.333,0,8.333,8.333,1.00072,0,1.00072,1.00072,3.79847,0.0589225,3.72671,3.85899,13.1322,0.0589225,13.0604,13.1927,
4.6,3,2,3,6,6,6,0,0,0,0,0,0,0,0,0,0,0,0,8.333,0,8.333,8.333,1.00072,0,1.00072,1.00072,3.80275,0.0742473,3.71842,3.88642,13.1365,0.0742473,13.0521,13.2201,
4.6,10,3,3,6,6,6,0,0,0,0,0,0,0,0,0,0,0,0,8.333,0,8.333,8.333,0,0,0,0,2.99347,0.118797,2.82514,3.16114,11.3265,0.118797,11.1581,11.4941,
4.6,14,4,3,6,6,6,0,0,0,0,0,0,0,0,0,0,0,0,8.333,0,8.333,8.333,1.00072,0,1.00072,1.00072,5.65942,0.0751399,5.57442,5.74442,14.9931,0.0751399,14.9081,15.0781,
4.6,2,2,4,6,6,6,0,0,0,0,0,0,0,0,0,0,0,0,8.333,0,8.333,8.333,1.00072,0,1.00072,1.00072,3.80609,0.0742473,3.72242,3.89042,13.1398,0.0742473,13.0561,13.2241,
4.6,9,3,4,6,6,6,0,0,0,0,0,0,0,0,0,0,0,0,8.333,0,8.333,8.333,1.00072,0,1.00072,1.00072,2.88942,0.197094,2.72242,3.14042,12.2231,0.197094,12.0561,12.4741,
4.6,20,5,4,6,6,6,0,0,0,0,0,0,0,0,0,0,0,0,8.333,0,8.333,8.333,1.00072,0,1.00072,1.00072,3.23942,0.0751399,3.15442,3.32442,12.5731,0.0751399,12.4881,12.6581,
4.6,12,4,5,6,6,6,0,0,0,0,0,0,0,0,0,0,0,0,8.333,0,8.333,8.333,1.00072,0,1.00072,1.00072,5.55228,0.0751399,5.46728,5.63728,14.886,0.0751399,14.801,14.971,
4.6,19,5,5,6,6,6,0,0,0,0,0,0,0,0,0,0,0,0,8.333,0,8.333,8.333,0,0,0,0,5.77966,0.0906349,5.68343,5.88714,14.1127,0.0906349,14.0164,14.2201,
4.6,22,6,5,6,6,6,0,0,0,0,0,0,0,0,0,0,0,0,8.333,0,8.333,8.333,1.00072,0,1.00072,1.00072,4.7368,0.659489,4.38528,6.07442,14.0705,0.659489,13.719,15.4081,
4.6,5,2,6,6,6,6,0,0,0,0,0,0,0,0,0,0,0,0,8.333,0,8.333,8.333,1.00072,0,1.00072,1.00072,3.84609,0.0742473,3.76242,3.93042,13.1798,0.0742473,13.0961,13.2641,
4.6,8,3,6,6,6,6,0,0,0,0,0,0,0,0,0,0,0,0,8.333,0,8.333,8.333,1.00072,0,1.00072,1.00072,2.90609,0.0742473,2.82242,2.99042,12.2398,0.0742473,12.1561,12.3241,
4.6,23,6,6,6,6,6,0,0,0,0,0,0,0,0,0,0,0,0,8.333,0,8.333,8.333,0,0,0,0,4.8349,0.587109,4.51314,6.02371,13.1679,0.587109,12.8461,14.3567,
4.7,6,3,7,6,6,6,0,0,0,0,0,0,0,0,0,0,0,0,4.166,0,4.166,4.166,5.00116,0,5.00116,5.00116,3.00093,0.0742473,2.91726,3.08526,12.1681,0.0742473,12.0844,12.2524,
4.7,11,4,7,6,6,6,0,0,0,0,0,0,0,0,0,0,0,0,4.166,0,4.166,4.166,5.00116,0,5.00116,5.00116,3.02093,0.0742473,2.93726,3.10526,12.1881,0.0742473,12.1044,12.2724,
4.7,15,4,7,6,6,6,0,0,0,0,0,0,0,0,0,0,0,0,4.166,0,4.166,4.166,5.06403,0,5.06403,5.06403,4.47377,0.325442,4.22211,4.89211,13.7038,0.325442,13.4521,14.1221,
4.7,16,5,7,6,6,6,0,0,0,0,0,0,0,0,0,0,0,0,4.166,0,4.166,4.166,5.00116,0,5.00116,5.00116,5.6676,0.0664587,5.59584,5.74598,14.8348,0.0664587,14.763,14.9131,
4.7,4,2,8,6,6,6,0,0,0,0,0,0,0,0,0,0,0,0,4.166,0,4.166,4.166,5.00116,0,5.00116,5.00116,3.02788,0.0774229,2.93298,3.14526,12.195,0.0774229,12.1001,12.3124,
4.7,21,6,8,6,6,6,0,0,0,0,0,0,0,0,0,0,0,0,4.166,0,4.166,4.166,5.00116,0,5.00116,5.00116,3.02426,0.0751399,2.93926,3.10926,12.1914,0.0751399,12.1064,12.2764,
4.7,24,3,8,6,6,6,0,0,0,0,0,0,0,0,0,0,0,0,4.166,0,4.166,4.166,5.00116,0,5.00116,5.00116,3.00807,0.0915757,2.89926,3.10498,12.1752,0.0915757,12.0664,12.2721,
4.7,25,6,8,6,6,6,0,0,0,0,0,0,0,0,0,0,0,0,4.166,0,4.166,4.166,5.00116,0,5.00116,5.00116,3.02093,0.0742473,2.93726,3.10526,12.1881,0.0742473,12.1044,12.2724,
4.7,13,4,9,6,6,0,0,0,0,0,0,0,0,0,0,0,0,0,4.166,0,4.166,4.166,10.0012,0,10.0012,10.0012,2.9955,0.0589225,2.93498,3.06726,17.1627,0.0589225,17.1021,17.2344,
4.7,1,2,2,6,6,6,0,0,0,0,0,0,0,0,0,0,0,0,8.333,0,8.333,8.333,0,0,0,0,3.82747,0.0742473,3.74314,3.91114,12.1605,0.0742473,12.0761,12.2441,
4.7,17,5,2,6,6,6,0,0,0,0,0,0,0,0,0,0,0,0,8.333,0,8.333,8.333,1.00072,0,1.00072,1.00072,5.40913,0.0459491,5.37242,5.46899,14.7429,0.0459491,14.7061,14.8027,
4.7,18,5,2,6,6,6,0,0,0,0,0,0,0,0,0,0,0,0,8.333,0,8.333,8.333,1.00072,0,1.00072,1.00072,3.65961,0.179007,3.43242,3.81471,12.9933,0.179007,12.7661,13.1484,
4.7,3,2,3,6,6,6,0,0,0,0,0,0,0,0,0,0,0,0,8.333,0,8.333,8.333,1.00072,0,1.00072,1.00072,3.80675,0.0742473,3.72242,3.89042,13.1405,0.0742473,13.0561,13.2241,
4.7,10,3,3,6,6,6,0,0,0,0,0,0,0,0,0,0,0,0,8.333,0,8.333,8.333,0,0,0,0,3.08081,0.0742473,2.99714,3.16514,11.4138,0.0742473,11.3301,11.4981,
4.7,14,4,3,6,6,6,0,0,0,0,0,0,0,0,0,0,0,0,8.333,0,8.333,8.333,1.00072,0,1.00072,1.00072,5.66342,0.0751399,5.57842,5.74842,14.9971,0.0751399,14.9121,15.0821,
4.7,2,2,4,6,6,6,0,0,0,0,0,0,0,0,0,0,0,0,8.333,0,8.333,8.333,1.00072,0,1.00072,1.00072,3.72675,0.0742473,3.64242,3.81042,13.0605,0.0742473,12.9761,13.1441,
4.7,9,3,4,6,6,6,0,0,0,0,0,0,0,0,0,0,0,0,8.333,0,8.333,8.333,1.00072,0,1.00072,1.00072,2.89342,0.197094,2.72642,3.14442,12.2271,0.197094,12.0601,12.4781,
4.7,20,5,4,6,6,6,0,0,0,0,0,0,0,0,0,0,0,0,8.333,0,8.333,8.333,1.00072,0,1.00072,1.00072,3.16009,0.0742473,3.07642,3.24442,12.4938,0.0742473,12.4101,12.5781,
4.7,12,4,5,6,6,6,0,0,0,0,0,0,0,0,0,0,0,0,8.333,0,8.333,8.333,1.00072,0,1.00072,1.00072,5.55628,0.0751399,5.47128,5.64128,14.89,0.0751399,14.805,14.975,
4.7,19,5,5,6,6,6,0,0,0,0,0,0,0,0,0,0,0,0,8.333,0,8.333,8.333,0,0,0,0,5.71224,0.191797,5.47314,5.89114,14.0452,0.191797,13.8061,14.2241,
4.7,22,6,5,6,6,6,0,0,0,0,0,0,0,0,0,0,0,0,8.333,0,8.333,8.333,1.00072,0,1.00072,1.00072,4.48485,0.0907399,4.38928,4.59299,13.8186,0.0907399,13.723,13.9267,
4.7,5,2,6,6,6,6,0,0,0,0,0,0,0,0,0,0,0,0,8.333,0,8.333,8.333,1.00072,0,1.00072,1.00072,3.68342,0.197094,3.43242,3.85042,13.0171,0.197094,12.7661,13.1841,
4.7,8,3,6,6,6,6,0,0,0,0,0,0,0,0,0,0,0,0,8.333,0,8.333,8.333,1.00072,0,1.00072,1.00072,2.91009,0.0742473,2.82642,2.99442,12.2438,0.0742473,12.1601,12.3281,
4.7,23,6,6,6,6,6,0,0,0,0,0,0,0,0,0,0,0,0,8.333,0,8.333,8.333,0,0,0,0,4.51747,0.0742473,4.43314,4.60114,12.8505,0.0742473,12.7661,12.9341,
4.8,6,3,7,6,6,6,0,0,0,0,0,0,0,0,0,0,0,0,4.166,0,4.166,4.166,5.00116,0,5.00116,5.00116,3.00493,0.0742473,2.92126,3.08926,12.1721,0.0742473,12.0884,12.2564,
4.8,11,4,7,6,6,6,0,0,0,0,0,0,0,0,0,0,0,0,4.166,0,4.166,4.166,5.00116,0,5.00116,5.00116,3.02493,0.0742473,2.94126,3.10926,12.1921,0.0742473,12.1084,12.2764,
4.8,15,4,7,6,6,6,0,0,0,0,0,0,0,0,0,0,0,0,4.166,0,4.166,4.166,5.06403,0,5.06403,5.06403,4.47777,0.325442,4.22611,4.89611,13.7078,0.325442,13.4561,14.1261,
4.8,16,5,7,6,6,6,0,0,0,0,0,0,0,0,0,0,0,0,4.166,0,4.166,4.166,5.00116,0,5.00116,5.00116,5.6716,0.0664587,5.59984,5.74998,14.8388,0.0664587,14.767,14.9171,
4.8,4,2,8,6,6,6,0,0,0,0,0,0,0,0,0,0,0,0,4.166,0,4.166,4.166,5.00116,0,5.00116,5.00116,2.99617,0.0598845,2.93498,3.06926,12.1633,0.0598845,12.1021,12.2364,
4.8,21,6,8,6,6,6,0,0,0,0,0,0,0,0,0,0,0,0,4.166,0,4.166,4.166,5.00116,0,5.00116,5.00116,3.02826,0.0751399,2.94326,3.11326,12.1954,0.0751399,12.1104,12.2804,
4.8,24,3,8,6,6,6,0,0,0,0,0,0,0,0,0,0,0,0,4.166,0,4.166,4.166,5.00116,0,5.00116,5.00116,3.01207,0.0915757,2.90326,3.10898,12.1792,0.0915757,12.0704,12.2761,
4.8,25,6,8,6,6,6,0,0,0,0,0,0,0,0,0,0,0,0,4.166,0,4.166,4.166,5.00116,0,5.00116,5.00116,3.02493,0.0742473,2.94126,3.10926,12.1921,0.0742473,12.1084,12.2764,
4.8,13,4,9,6,6,0,0,0,0,0,0,0,0,0,0,0,0,0,4.166,0,4.166,4.166,10.0012,0,10.0012,10.0012,2.99653,0.0627936,2.92312,3.07126,17.1637,0.0627936,17.0903,17.2384,
4.8,1,2,2,6,6,6,0,0,0,0,0,0,0,0,0,0,0,0,8.333,0,8.333,8.333,0,0,0,0,3.83147,0.0742473,3.74714,3.91514,12.1645,0.0742473,12.0801,12.2481,
4.8,17,5,2,6,6,6,0,0,0,0,0,0,0,0,0,0,0,0,8.333,0,8.333,8.333,1.00072,0,1.00072,1.00072,5.41313,0.0459491,5.37642,5.47299,14.7469,0.0459491,14.7101,14.8067,
4.8,18,5,2,6,6,6,0,0,0,0,0,0,0,0,0,0,0,0,8.333,0,8.333,8.333,1.00072,0,1.00072,1.00072,3.66361,0.179007,3.43642,3.81871,12.9973,0.179007,12.7701,13.1524,
4.8,3,2,3,6,6,6,0,0,0,0,0,0,0,0,0,0,0,0,8.333,0,8.333,8.333,1.00072,0,1.00072,1.00072,3.81075,0.0742473,3.72642,3.89442,13.1445,0.0742473,13.0601,13.2281,
4.8,10,3,3,6,6,6,0,0,0,0,0,0,0,0,0,0,0,0,8.333,0,8.333,8.333,0,0,0,0,3.0729,0.0598759,3.00114,3.14928,11.4059,0.0598759,11.3341,11.4823,
4.8,14,4,3,6,6,6,0,0,0,0,0,0,0,0,0,0,0,0,8.333,0,8.333,8.333,1.00072,0,1.00072,1.00072,5.66742,0.0751399,5.58242,5.75242,15.0011,0.0751399,14.9161,15.0861,
4.8,2,2,4,6,6,6,0,0,0,0,0,0,0,0,0,0,0,0,8.333,0,8.333,8.333,1.00072,0,1.00072,1.00072,3.73075,0.0742473,3.64642,3.81442,13.0645,0.0742473,12.9801,13.1481,
4.8,9,3,4,6,6,6,0,0,0,0,0,0,0,0,0,0,0,0,8.333,0,8.333,8.333,1.00072,0,1.00072,1.00072,2.89742,0.197094,2.73042,3.14842,12.2311,0.197094,12.0641,12.4821,
4.8,20,5,4,6,6,6,0,0,0,0,0,0,0,0,0,0,0,0,8.333,0,8.333,8.333,1.00072,0,1.00072,1.00072,3.16409,0.0742473,3.08042,3.24842,12.4978,0.0742473,12.4141,12.5821,
4.8,12,4,5,6,6,6,0,0,0,0,0,0,0,0,0,0,0,0,8.333,0,8.333,8.333,1.00072,0,1.00072,1.00072,5.56028,0.0751399,5.47528,5.64528,14.894,0.0751399,14.809,14.979,
4.8,19,5,5,6,6,6,0,0,0,0,0,0,0,0,0,0,0,0,8.333,0,8.333,8.333,0,0,0,0,5.71624,0.191797,5.47714,5.89514,14.0492,0.191797,13.8101,14.2281,
4.8,22,6,5,6,6,6,0,0,0,0,0,0,0,0,0,0,0,0,8.333,0,8.333,8.333,1.00072,0,1.00072,1.00072,4.48885,0.0907399,4.39328,4.59699,13.8226,0.0907399,13.727,13.9307,
4.8,5,2,6,6,6,6,0,0,0,0,0,0,0,0,0,0,0,0,8.333,0,8.333,8.333,1.00072,0,1.00072,1.00072,3.68742,0.197094,3.43642,3.85442,13.0211,0.197094,12.7701,13.1881,
4.8,8,3,6,6,6,6,0,0,0,0,0,0,0,0,0,0,0,0,8.333,0,8.333,8.333,1.00072,0,1.00072,1.00072,2.91409,0.0742473,2.83042,2.99842,12.2478,0.0742473,12.1641,12.3321,
4.8,23,6,6,6,6,6,0,0,0,0,0,0,0,0,0,0,0,0,8.333,0,8.333,8.333,0,0,0,0,4.52147,0.0742473,4.43714,4.60514,12.8545,0.0742473,12.7701,12.9381,
4.9,6,3,7,6,6,6,0,0,0,0,0,0,0,0,0,0,0,0,4.166,0,4.166,4.166,5.00116,0,5.00116,5.00116,3.00893,0.0742473,2.92526,3.09326,12.1761,0.0742473,12.0924,12.2604,
4.9,11,4,7,6,6,6,0,0,0,0,0,0,0,0,0,0,0,0,4.166,0,4.166,4.166,5.00116,0,5.00116,5.00116,3.02893,0.0742473,2.94526,3.11326,12.1961,0.0742473,12.1124,12.2804,
4.9,15,4,7,6,6,6,0,0,0,0,0,0,0,0,0,0,0,0,4.166,0,4.166,4.166,5.06403,0,5.06403,5.06403,4.48177,0.325442,4.23011,4.90011,13.7118,0.325442,13.4601,14.1301,
4.9,16,5,7,6,6,6,0,0,0,0,0,0,0,0,0,0,0,0,4.166,0,4.166,4.166,5.00116,0,5.00116,5.00116,5.6756,0.0664587,5.60384,5.75398,14.8428,0.0664587,14.771,14.9211,
4.9,4,2,8,6,6,6,0,0,0,0,0,0,0,0,0,0,0,0,4.166,0,4.166,4.166,5.00116,0,5.00116,5.00116,2.99719,0.0637345,2.92312,3.07326,12.1644,0.0637345,12.0903,12.2404,
4.9,21,6,8,6,6,6,0,0,0,0,0,0,0,0,0,0,0,0,4.166,0,4.166,4.166,5.00116,0,5.00116,5.00116,3.03226,0.0751399,2.94726,3.11726,12.1994,0.0751399,12.1144,12.2844,
4.9,24,3,8,6,6,6,0,0,0,0,0,0,0,0,0,0,0,0,4.166,0,4.166,4.166,5.00116,0,5.00116,5.00116,3.01607,0.0915757,2.90726,3.11298,12.1832,0.0915757,12.0744,12.2801,
4.9,25,6,8,6,6,6,0,0,0,0,0,0,0,0,0,0,0,0,4.166,0,4.166,4.166,5.00116,0,5.00116,5.00116,3.02893,0.0742473,2.94526,3.11326,12.1961,0.0742473,12.1124,12.2804,
4.9,13,4,9,6,6,0,0,0,0,0,0,0,0,0,0,0,0,0,4.166,0,4.166,4.166,10.0012,0,10.0012,10.0012,2.9916,0.0742473,2.90726,3.07526,17.1588,0.0742473,17.0744,17.2424,
4.9,1,2,2,6,6,6,0,0,0,0,0,0,0,0,0,0,0,0,8.333,0,8.333,8.333,0,0,0,0,3.83547,0.0742473,3.75114,3.91914,12.1685,0.0742473,12.0841,12.2521,
4.9,17,5,2,6,6,6,0,0,0,0,0,0,0,0,0,0,0,0,8.333,0,8.333,8.333,1.00072,0,1.00072,1.00072,5.41713,0.0459491,5.38042,5.47699,14.7509,0.0459491,14.7141,14.8107,
4.9,18,5,2,6,6,6,0,0,0,0,0,0,0,0,0,0,0,0,8.333,0,8.333,8.333,1.00072,0,1.00072,1.00072,3.66761,0.179007,3.44042,3.82271,13.0013,0.179007,12.7741,13.1564,
4.9,3,2,3,6,6,6,0,0,0,0,0,0,0,0,0,0,0,0,8.333,0,8.333,8.333,1.00072,0,1.00072,1.00072,3.81475,0.0742473,3.73042,3.89842,13.1485,0.0742473,13.0641,13.2321,
4.9,10,3,3,6,6,6,0,0,0,0,0,0,0,0,0,0,0,0,8.333,0,8.333,8.333,0,0,0,0,3.00547,0.0742473,2.92114,3.08914,11.3385,0.0742473,11.2541,11.4221,
4.9,14,4,3,6,6,6,0,0,0,0,0,0,0,0,0,0,0,0,8.333,0,8.333,8.333,1.00072,0,1.00072,1.00072,5.67142,0.0751399,5.58642,5.75642,15.0051,0.0751399,14.9201,15.0901,
4.9,2,2,4,6,6,6,0,0,0,0,0,0,0,0,0,0,0,0,8.333,0,8.333,8.333,1.00072,0,1.00072,1.00072,3.73475,0.0742473,3.65042,3.81842,13.0685,0.0742473,12.9841,13.1521,
4.9,9,3,4,6,6,6,0,0,0,0,0,0,0,0,0,0,0,0,8.333,0,8.333,8.333,1.00072,0,1.00072,1.00072,2.90142,0.197094,2.73442,3.15242,12.2351,0.197094,12.0681,12.4861,
4.9,20,5,4,6,6,6,0,0,0,0,0,0,0,0,0,0,0,0,8.333,0,8.333,8.333,1.00072,0,1.00072,1.00072,3.16809,0.0742473,3.08442,3.25242,12.5018,0.0742473,12.4181,12.5861,
4.9,12,4,5,6,6,6,0,0,0,0,0,0,0,0,0,0,0,0,8.333,0,8.333,8.333,1.00072,0,1.00072,1.00072,5.56428,0.0751399,5.47928,5.64928,14.898,0.0751399,14.813,14.983,
4.9,19,5,5,6,6,6,0,0,0,0,0,0,0,0,0,0,0,0,8.333,0,8.333,8.333,0,0,0,0,5.72024,0.191797,5.48114,5.89914,14.0532,0.191797,13.8141,14.2321,
4.9,22,6,5,6,6,6,0,0,0,0,0,0,0,0,0,0,0,0,8.333,0,8.333,8.333,1.00072,0,1.00072,1.00072,4.49285,0.0907399,4.39728,4.60099,13.8266,0.0907399,13.731,13.9347,
4.9,5,2,6,6,6,6,0,0,0,0,0,0,0,0,0,0,0,0,8.333,0,8.333,8.333,1.00072,0,1.00072,1.00072,3.69142,0.197094,3.44042,3.85842,13.0251,0.197094,12.7741,13.1921,
4.9,8,3,6,6,6,6,0,0,0,0,0,0,0,0,0,0,0,0,8.333,0,8.333,8.333,1.00072,0,1.00072,1.00072,2.91809,0.0742473,2.83442,3.00242,12.2518,0.0742473,12.1681,12.3361,
4.9,23,6,6,6,6,6,0,0,0,0,0,0,0,0,0,0,0,0,8.333,0,8.333,8.333,0,0,0,0,4.52547,0.0742473,4.44114,4.60914,12.8585,0.0742473,12.7741,12.9421,
5,6,3,7,6,6,6,0,0,0,0,0,0,0,0,0,0,0,0,4.166,0,4.166,4.166,5.00116,0,5.00116,5.00116,3.01293,0.0742473,2.92926,3.09726,12.1801,0.0742473,12.0964,12.2644,
5,11,4,7,6,6,6,0,0,0,0,0,0,0,0,0,0,0,0,4.166,0,4.166,4.166,5.00116,0,5.00116,5.00116,3.03293,0.0742473,2.94926,3.11726,12.2001,0.0742473,12.1164,12.2844,
5,16,5,7,6,6,6,0,0,0,0,0,0,0,0,0,0,0,0,4.166,0,4.166,4.166,5.00116,0,5.00116,5.00116,5.6796,0.0664587,5.60784,5.75798,14.8468,0.0664587,14.775,14.9251,
5,4,2,8,6,6,6,0,0,0,0,0,0,0,0,0,0,0,0,4.166,0,4.166,4.166,5.00116,0,5.00116,5.00116,2.99822,0.0683584,2.90726,3.07726,12.1654,0.0683584,12.0744,12.2444,
5,21,6,8,6,6,6,0,0,0,0,0,0,0,0,0,0,0,0,4.166,0,4.166,4.166,5.00116,0,5.00116,5.00116,3.03626,0.0751399,2.95126,3.12126,12.2034,0.0751399,12.1184,12.2884,
5,24,3,8,6,6,6,0,0,0,0,0,0,0,0,0,0,0,0,4.166,0,4.166,4.166,5.00116,0,5.00116,5.00116,3.02007,0.0915757,2.91126,3.11698,12.1872,0.0915757,12.0784,12.2841,
5,25,6,8,6,6,6,0,0,0,0,0,0,0,0,0,0,0,0,4.166,0,4.166,4.166,5.00116,0,5.00116,5.00116,3.03293,0.0742473,2.94926,3.11726,12.2001,0.0742473,12.1164,12.2844,
5,13,4,9,6,6,0,0,0,0,0,0,0,0,0,0,0,0,0,4.166,0,4.166,4.166,10.0012,0,10.0012,10.0012,2.9956,0.0742473,2.91126,3.07926,17.1628,0.0742473,17.0784,17.2464,
5,1,2,2,6,6,6,0,0,0,0,0,0,0,0,0,0,0,0,8.333,0,8.333,8.333,0,0,0,0,4.62519,0.114618,4.50514,4.80343,12.9582,0.114618,12.8381,13.1364,
5,17,5,2,6,6,6,0,0,0,0,0,0,0,0,0,0,0,0,8.333,0,8.333,8.333,1.00072,0,1.00072,1.00072,5.42113,0.0459491,5.38442,5.48099,14.7549,0.0459491,14.7181,14.8147,
5,18,5,2,6,6,6,0,0,0,0,0,0,0,0,0,0,0,0,8.333,0,8.333,8.333,1.00072,0,1.00072,1.00072,3.67161,0.179007,3.44442,3.82671,13.0053,0.179007,12.7781,13.1604,
5,3,2,3,6,6,6,0,0,0,0,0,0,0,0,0,0,0,0,8.333,0,8.333,8.333,1.00072,0,1.00072,1.00072,4.58661,0.127132,4.37728,4.71328,13.9203,0.127132,13.711,14.047,
5,10,3,3,6,6,6,0,0,0,0,0,0,0,0,0,0,0,0,8.333,0,8.333,8.333,0,0,0,0,3.00947,0.0742473,2.92514,3.09314,11.3425,0.0742473,11.2581,11.4261,
5,14,4,3,6,6,6,0,0,0,0,0,0,0,0,0,0,0,0,8.333,0,8.333,8.333,1.00072,0,1.00072,1.00072,4.75875,0.414141,4.50842,5.59042,14.0925,0.414141,13.8421,14.9241,
5,2,2,4,6,6,6,0,0,0,0,0,0,0,0,0,0,0,0,8.333,0,8.333,8.333,1.00072,0,1.00072,1.00072,3.73875,0.0742473,3.65442,3.82242,13.0725,0.0742473,12.9881,13.1561,
5,9,3,4,6,6,6,0,0,0,0,0,0,0,0,0,0,0,0,8.333,0,8.333,8.333,1.00072,0,1.00072,1.00072,2.90542,0.197094,2.73842,3.15642,12.2391,0.197094,12.0721,12.4901,
5,20,5,4,6,6,6,0,0,0,0,0,0,0,0,0,0,0,0,8.333,0,8.333,8.333,1.00072,0,1.00072,1.00072,3.17209,0.0742473,3.08842,3.25642,12.5058,0.0742473,12.4221,12.5901,
5,12,4,5,6,6,6,0,0,0,0,0,0,0,0,0,0,0,0,8.333,0,8.333,8.333,1.00072,0,1.00072,1.00072,4.65161,0.414141,4.40128,5.48328,13.9853,0.414141,13.735,14.817,
5,19,5,5,6,6,6,0,0,0,0,0,0,0,0,0,0,0,0,8.333,0,8.333,8.333,0,0,0,0,5.72424,0.191797,5.48514,5.90314,14.0572,0.191797,13.8181,14.2361,
5,22,6,5,6,6,6,0,0,0,0,0,0,0,0,0,0,0,0,8.333,0,8.333,8.333,1.00072,0,1.00072,1.00072,4.49685,0.0907399,4.40128,4.60499,13.8306,0.0907399,13.735,13.9387,
5,5,2,6,6,6,6,0,0,0,0,0,0,0,0,0,0,0,0,8.333,0,8.333,8.333,1.00072,0,1.00072,1.00072,3.69542,0.197094,3.44442,3.86242,13.0291,0.197094,12.7781,13.1961,
5,8,3,6,6,6,6,0,0,0,0,0,0,0,0,0,0,0,0,8.333,0,8.333,8.333,1.00072,0,1.00072,1.00072,2.92209,0.0742473,2.83842,3.00642,12.2558,0.0742473,12.1721,12.3401,
5,23,6,6,6,6,6,0,0,0,0,0,0,0,0,0,0,0,0,8.333,0,8.333,8.333,0,0,0,0,4.52947,0.0742473,4.44514,4.61314,12.8625,0.0742473,12.7781,12.9461,
5.1,6,3,7,6,6,6,0,0,0,0,0,0,0,0,0,0,0,0,4.166,0,4.166,4.166,5.00116,0,5.00116,5.00116,3.01693,0.0742473,2.93326,3.10126,12.1841,0.0742473,12.1004,12.2684,
5.1,7,3,7,5,4,4,0,0,0,0,0,0,0,0,0,0,0,0,4.166,0,4.166,4.166,5.00116,0,5.00116,5.00116,4.64098,0.586595,4.26698,5.51498,13.8081,0.586595,13.4341,14.6821,
5.1,11,4,7,6,6,6,0,0,0,0,0,0,0,0,0,0,0,0,4.166,0,4.166,4.166,5.00116,0,5.00116,5.00116,3.03693,0.0742473,2.95326,3.12126,12.2041,0.0742473,12.1204,12.2884,
5.1,16,5,7,6,6,6,0,0,0,0,0,0,0,0,0,0,0,0,4.166,0,4.166,4.166,5.00116,0,5.00116,5.00116,5.6836,0.0664587,5.61184,5.76198,14.8508,0.0664587,14.779,14.9291,
5.1,4,2,8,6,6,6,0,0,0,0,0,0,0,0,0,0,0,0,4.166,0,4.166,4.166,5.00116,0,5.00116,5.00116,2.99626,0.0751399,2.91126,3.08126,12.1634,0.0751399,12.0784,12.2484,
5.1,21,6,8,6,6,6,0,0,0,0,0,0,0,0,0,0,0,0,4.166,0,4.166,4.166,5.00116,0,5.00116,5.00116,3.04026,0.0751399,2.95526,3.12526,12.2074,0.0751399,12.1224,12.2924,
5.1,24,3,8,6,6,6,0,0,0,0,0,0,0,0,0,0,0,0,4.166,0,4.166,4.166,5.00116,0,5.00116,5.00116,3.02407,0.0915757,2.91526,3.12098,12.1912,0.0915757,12.0824,12.2881,
5.1,25,6,8,6,6,6,0,0,0,0,0,0,0,0,0,0,0,0,4.166,0,4.166,4.166,5.00116,0,5.00116,5.00116,3.03693,0.0742473,2.95326,3.12126,12.2041,0.0742473,12.1204,12.2884,
5.1,13,4,9,6,6,0,0,0,0,0,0,0,0,0,0,0,0,0,4.166,0,4.166,4.166,10.0012,0,10.0012,10.0012,2.9996,0.0742473,2.91526,3.08326,17.1668,0.0742473,17.0824,17.2504,
5.1,1,2,2,6,6,6,0,0,0,0,0,0,0,0,0,0,0,0,8.333,0,8.333,8.333,0,0,0,0,3.84347,0.0742473,3.75914,3.92714,12.1765,0.0742473,12.0921,12.2601,
5.1,17,5,2,6,6,6,0,0,0,0,0,0,0,0,0,0,0,0,8.333,0,8.333,8.333,1.00072,0,1.00072,1.00072,5.42513,0.0459491,5.38842,5.48499,14.7589,0.0459491,14.7221,14.8187,
5.1,18,5,2,6,6,6,0,0,0,0,0,0,0,0,0,0,0,0,8.333,0,8.333,8.333,1.00072,0,1.00072,1.00072,3.67561,0.179007,3.44842,3.83071,13.0093,0.179007,12.7821,13.1644,
5.1,3,2,3,6,6,6,0,0,0,0,0,0,0,0,0,0,0,0,8.333,0,8.333,8.333,1.00072,0,1.00072,1.00072,3.82275,0.0742473,3.73842,3.90642,13.1565,0.0742473,13.0721,13.2401,
5.1,10,3,3,6,6,6,0,0,0,0,0,0,0,0,0,0,0,0,8.333,0,8.333,8.333,0,0,0,0,3.01347,0.0742473,2.92914,3.09714,11.3465,0.0742473,11.2621,11.4301,
5.1,14,4,3,6,6,6,0,0,0,0,0,0,0,0,0,0,0,0,8.333,0,8.333,8.333,1.00072,0,1.00072,1.00072,4.59609,0.0742473,4.51242,4.68042,13.9298,0.0742473,13.8461,14.0141,
5.1,2,2,4,6,6,6,0,0,0,0,0,0,0,0,0,0,0,0,8.333,0,8.333,8.333,1.00072,0,1.00072,1.00072,3.74275,0.0742473,3.65842,3.82642,13.0765,0.0742473,12.9921,13.1601,
5.1,9,3,4,6,6,6,0,0,0,0,0,0,0,0,0,0,0,0,8.333,0,8.333,8.333,1.00072,0,1.00072,1.00072,4.4124,1.12405,2.82442,5.47456,13.7461,1.12405,12.1581,14.8083,
5.1,20,5,4,6,6,6,0,0,0,0,0,0,0,0,0,0,0,0,8.333,0,8.333,8.333,1.00072,0,1.00072,1.00072,3.17609,0.0742473,3.09242,3.26042,12.5098,0.0742473,12.4261,12.5941,
5.1,12,4,5,6,6,6,0,0,0,0,0,0,0,0,0,0,0,0,8.333,0,8.333,8.333,1.00072,0,1.00072,1.00072,4.48894,0.0742473,4.40528,4.57328,13.8227,0.0742473,13.739,13.907,
5.1,19,5,5,6,6,6,0,0,0,0,0,0,0,0,0,0,0,0,8.333,0,8.333,8.333,0,0,0,0,5.72824,0.191797,5.48914,5.90714,14.0612,0.191797,13.8221,14.2401,
5.1,22,6,5,6,6,6,0,0,0,0,0,0,0,0,0,0,0,0,8.333,0,8.333,8.333,1.00072,0,1.00072,1.00072,4.50085,0.0907399,4.40528,4.60899,13.8346,0.0907399,13.739,13.9427,
5.1,5,2,6,6,6,6,0,0,0,0,0,0,0,0,0,0,0,0,8.333,0,8.333,8.333,1.00072,0,1.00072,1.00072,3.69942,0.197094,3.44842,3.86642,13.0331,0.197094,12.7821,13.2001,
5.1,8,3,6,6,6,6,0,0,0,0,0,0,0,0,0,0,0,0,8.333,0,8.333,8.333,1.00072,0,1.00072,1.00072,3.84275,0.70008,2.92442,4.59242,13.1765,0.70008,12.2581,13.9261,
5.1,23,6,6,6,6,6,0,0,0,0,0,0,0,0,0,0,0,0,8.333,0,8.333,8.333,0,0,0,0,4.53347,0.0742473,4.44914,4.61714,12.8665,0.0742473,12.7821,12.9501,
5.2,6,3,7,6,6,6,0,0,0,0,0,0,0,0,0,0,0,0,4.166,0,4.166,4.166,5.00116,0,5.00116,5.00116,3.02093,0.0742473,2.93726,3.10526,12.1881,0.0742473,12.1044,12.2724,
5.2,7,3,7,6,6,6,0,0,0,0,0,0,0,0,0,0,0,0,4.166,0,4.166,4.166,5.00116,0,5.00116,5.00116,4.26931,0.0742473,4.18498,4.35298,13.4365,0.0742473,13.3521,13.5201,
5.2,11,4,7,6,6,6,0,0,0,0,0,0,0,0,0,0,0,0,4.166,0,4.166,4.166,5.00116,0,5.00116,5.00116,3.04093,0.0742473,2.95726,3.12526,12.2081,0.0742473,12.1244,12.2924,
5.2,16,5,7,6,6,6,0,0,0,0,0,0,0,0,0,0,0,0,4.166,0,4.166,4.166,5.00116,0,5.00116,5.00116,5.68462,0.0704854,5.59998,5.76598,14.8518,0.0704854,14.7671,14.9331,
5.2,4,2,8,6,6,6,0,0,0,0,0,0,0,0,0,0,0,0,4.166,0,4.166,4.166,5.00116,0,5.00116,5.00116,3.00026,0.0751399,2.91526,3.08526,12.1674,0.0751399,12.0824,12.2524,
5.2,21,6,8,6,6,6,0,0,0,0,0,0,0,0,0,0,0,0,4.166,0,4.166,4.166,5.00116,0,5.00116,5.00116,3.04426,0.0751399,2.95926,3.12926,12.2114,0.0751399,12.1264,12.2964,
5.2,24,3,8,6,6,6,0,0,0,0,0,0,0,0,0,0,0,0,4.166,0,4.166,4.166,5.00116,0,5.00116,5.00116,3.03998,0.0751399,2.95498,3.12498,12.2071,0.0751399,12.1221,12.2921,
5.2,25,6,8,6,6,6,0,0,0,0,0,0,0,0,0,0,0,0,4.166,0,4.166,4.166,5.00116,0,5.00116,5.00116,3.02903,0.0589225,2.95726,3.08955,12.1962,0.0589225,12.1244,12.2567,
5.2,13,4,9,6,6,0,0,0,0,0,0,0,0,0,0,0,0,0,4.166,0,4.166,4.166,10.0012,0,10.0012,10.0012,3.0036,0.0742473,2.91926,3.08726,17.1708,0.0742473,17.0864,17.2544,
5.2,1,2,2,6,6,6,0,0,0,0,0,0,0,0,0,0,0,0,8.333,0,8.333,8.333,0,0,0,0,3.84747,0.0742473,3.76314,3.93114,12.1805,0.0742473,12.0961,12.2641,
5.2,17,5,2,6,6,6,0,0,0,0,0,0,0,0,0,0,0,0,8.333,0,8.333,8.333,1.00072,0,1.00072,1.00072,5.42913,0.0459491,5.39242,5.48899,14.7629,0.0459491,14.7261,14.8227,
5.2,18,5,2,6,6,6,0,0,0,0,0,0,0,0,0,0,0,0,8.333,0,8.333,8.333,1.00072,0,1.00072,1.00072,3.67961,0.179007,3.45242,3.83471,13.0133,0.179007,12.7861,13.1684,
5.2,3,2,3,6,6,6,0,0,0,0,0,0,0,0,0,0,0,0,8.333,0,8.333,8.333,1.00072,0,1.00072,1.00072,3.82675,0.0742473,3.74242,3.91042,13.1605,0.0742473,13.0761,13.2441,
5.2,10,3,3,6,6,6,0,0,0,0,0,0,0,0,0,0,0,0,8.333,0,8.333,8.333,0,0,0,0,3.01747,0.0742473,2.93314,3.10114,11.3505,0.0742473,11.2661,11.4341,
5.2,14,4,3,6,6,6,0,0,0,0,0,0,0,0,0,0,0,0,8.333,0,8.333,8.333,1.00072,0,1.00072,1.00072,4.51675,0.0742473,4.43242,4.60042,13.8505,0.0742473,13.7661,13.9341,
5.2,2,2,4,6,6,6,0,0,0,0,0,0,0,0,0,0,0,0,8.333,0,8.333,8.333,1.00072,0,1.00072,1.00072,3.74675,0.0742473,3.66242,3.83042,13.0805,0.0742473,12.9961,13.1641,
5.2,9,3,4,6,6,6,0,0,0,0,0,0,0,0,0,0,0,0,8.333,0,8.333,8.333,1.00072,0,1.00072,1.00072,4.97294,0.0742473,4.88928,5.05728,14.3067,0.0742473,14.223,14.391,
5.2,20,5,4,6,6,6,0,0,0,0,0,0,0,0,0,0,0,0,8.333,0,8.333,8.333,1.00072,0,1.00072,1.00072,3.18009,0.0742473,3.09642,3.26442,12.5138,0.0742473,12.4301,12.5981,
5.2,12,4,5,6,6,6,0,0,0,0,0,0,0,0,0,0,0,0,8.333,0,8.333,8.333,1.00072,0,1.00072,1.00072,4.40961,0.0742473,4.32528,4.49328,13.7433,0.0742473,13.659,13.827,
5.2,19,5,5,6,6,6,0,0,0,0,0,0,0,0,0,0,0,0,8.333,0,8.333,8.333,0,0,0,0,5.73819,0.19461,5.49314,5.91114,14.0712,0.19461,13.8261,14.2441,
5.2,22,6,5,6,6,6,0,0,0,0,0,0,0,0,0,0,0,0,8.333,0,8.333,8.333,1.00072,0,1.00072,1.00072,4.49294,0.0742473,4.40928,4.57728,13.8267,0.0742473,13.743,13.911,
5.2,5,2,6,6,6,6,0,0,0,0,0,0,0,0,0,0,0,0,8.333,0,8.333,8.333,1.00072,0,1.00072,1.00072,3.70342,0.197094,3.45242,3.87042,13.0371,0.197094,12.7861,13.2041,
5.2,8,3,6,6,6,6,0,0,0,0,0,0,0,0,0,0,0,0,8.333,0,8.333,8.333,1.00072,0,1.00072,1.00072,4.18009,0.0742473,4.09642,4.26442,13.5138,0.0742473,13.4301,13.5981,
5.2,23,6,6,6,6,6,0,0,0,0,0,0,0,0,0,0,0,0,8.333,0,8.333,8.333,0,0,0,0,4.62081,0.0742473,4.53714,4.70514,12.9538,0.0742473,12.8701,13.0381,
5.3,6,3,7,6,6,6,0,0,0,0,0,0,0,0,0,0,0,0,4.166,0,4.166,4.166,5.00116,0,5.00116,5.00116,3.02493,0.0742473,2.94126,3.10926,12.1921,0.0742473,12.1084,12.2764,
5.3,7,3,7,6,6,6,0,0,0,0,0,0,0,0,0,0,0,0,4.166,0,4.166,4.166,5.00116,0,5.00116,5.00116,4.73164,0.288379,4.35498,5.10698,13.8988,0.288379,13.5221,14.2741,
5.3,11,4,7,6,6,6,0,0,0,0,0,0,0,0,0,0,0,0,4.166,0,4.166,4.166,5.00116,0,5.00116,5.00116,3.04493,0.0742473,2.96126,3.12926,12.2121,0.0742473,12.1284,12.2964,
5.3,16,5,7,6,6,6,0,0,0,0,0,0,0,0,0,0,0,0,4.166,0,4.166,4.166,5.00116,0,5.00116,5.00116,5.68565,0.0742473,5.60198,5.76998,14.8528,0.0742473,14.7691,14.9371,
5.3,4,2,8,6,6,6,0,0,0,0,0,0,0,0,0,0,0,0,4.166,0,4.166,4.166,5.00116,0,5.00116,5.00116,3.11736,0.204279,2.91926,3.37498,12.2845,0.204279,12.0864,12.5421,
5.3,21,6,8,6,6,6,0,0,0,0,0,0,0,0,0,0,0,0,4.166,0,4.166,4.166,5.00116,0,5.00116,5.00116,3.04826,0.0751399,2.96326,3.13326,12.2154,0.0751399,12.1304,12.3004,
5.3,24,3,8,6,6,6,0,0,0,0,0,0,0,0,0,0,0,0,4.166,0,4.166,4.166,5.00116,0,5.00116,5.00116,3.04398,0.0751399,2.95898,3.12898,12.2111,0.0751399,12.1261,12.2961,
5.3,25,6,8,6,6,6,0,0,0,0,0,0,0,0,0,0,0,0,4.166,0,4.166,4.166,5.00116,0,5.00116,5.00116,3.03303,0.0589225,2.96126,3.09355,12.2002,0.0589225,12.1284,12.2607,
5.3,13,4,9,6,6,0,0,0,0,0,0,0,0,0,0,0,0,0,4.166,0,4.166,4.166,10.0012,0,10.0012,10.0012,3.0076,0.0742473,2.92326,3.09126,17.1748,0.0742473,17.0904,17.2584,
5.3,1,2,2,6,6,6,0,0,0,0,0,0,0,0,0,0,0,0,8.333,0,8.333,8.333,0,0,0,0,5.04195,0.288208,4.81543,5.412,13.375,0.288208,13.1484,13.745,
5.3,17,5,2,6,6,6,0,0,0,0,0,0,0,0,0,0,0,0,8.333,0,8.333,8.333,1.00072,0,1.00072,1.00072,5.43313,0.0459491,5.39642,5.49299,14.7669,0.0459491,14.7301,14.8267,
5.3,18,5,2,6,6,6,0,0,0,0,0,0,0,0,0,0,0,0,8.333,0,8.333,8.333,1.00072,0,1.00072,1.00072,3.68361,0.179007,3.45642,3.83871,13.0173,0.179007,12.7901,13.1724,
5.3,3,2,3,6,6,6,0,0,0,0,0,0,0,0,0,0,0,0,8.333,0,8.333,8.333,1.00072,0,1.00072,1.00072,5.05694,0.453335,4.72328,5.64128,14.3907,0.453335,14.057,14.975,
5.3,10,3,3,6,6,6,0,0,0,0,0,0,0,0,0,0,0,0,8.333,0,8.333,8.333,0,0,0,0,3.02147,0.0742473,2.93714,3.10514,11.3545,0.0742473,11.2701,11.4381,
5.3,14,4,3,6,6,6,0,0,0,0,0,0,0,0,0,0,0,0,8.333,0,8.333,8.333,1.00072,0,1.00072,1.00072,4.52075,0.0742473,4.43642,4.60442,13.8545,0.0742473,13.7701,13.9381,
5.3,2,2,4,6,6,6,0,0,0,0,0,0,0,0,0,0,0,0,8.333,0,8.333,8.333,1.00072,0,1.00072,1.00072,3.79242,0.155229,3.66642,4.08242,13.1261,0.155229,13.0001,13.4161,
5.3,9,3,4,6,6,6,0,0,0,0,0,0,0,0,0,0,0,0,8.333,0,8.333,8.333,1.00072,0,1.00072,1.00072,5.38766,0.313452,4.97528,5.81128,14.7214,0.313452,14.309,15.145,
5.3,20,5,4,6,6,6,0,0,0,0,0,0,0,0,0,0,0,0,8.333,0,8.333,8.333,1.00072,0,1.00072,1.00072,3.18409,0.0742473,3.10042,3.26842,12.5178,0.0742473,12.4341,12.6021,
5.3,12,4,5,6,6,6,0,0,0,0,0,0,0,0,0,0,0,0,8.333,0,8.333,8.333,1.00072,0,1.00072,1.00072,4.41361,0.0742473,4.32928,4.49728,13.7473,0.0742473,13.663,13.831,
5.3,19,5,5,6,6,6,0,0,0,0,0,0,0,0,0,0,0,0,8.333,0,8.333,8.333,0,0,0,0,5.74814,0.197094,5.49714,5.91514,14.0811,0.197094,13.8301,14.2481,
5.3,22,6,5,6,6,6,0,0,0,0,0,0,0,0,0,0,0,0,8.333,0,8.333,8.333,1.00072,0,1.00072,1.00072,4.49694,0.0742473,4.41328,4.58128,13.8307,0.0742473,13.747,13.915,
5.3,5,2,6,6,6,6,0,0,0,0,0,0,0,0,0,0,0,0,8.333,0,8.333,8.333,1.00072,0,1.00072,1.00072,3.74909,0.256442,3.45642,4.12242,13.0828,0.256442,12.7901,13.4561,
5.3,8,3,6,6,6,6,0,0,0,0,0,0,0,0,0,0,0,0,8.333,0,8.333,8.333,1.00072,0,1.00072,1.00072,4.51742,0.23674,4.18242,4.76842,13.8511,0.23674,13.5161,14.1021,
5.3,23,6,6,6,6,6,0,0,0,0,0,0,0,0,0,0,0,0,8.333,0,8.333,8.333,0,0,0,0,4.62481,0.0742473,4.54114,4.70914,12.9578,0.0742473,12.8741,13.0421,
5.4,6,3,7,6,6,6,0,0,0,0,0,0,0,0,0,0,0,0,4.166,0,4.166,4.166,5.00116,0,5.00116,5.00116,3.02893,0.0742473,2.94526,3.11326,12.1961,0.0742473,12.1124,12.2804,
5.4,7,3,7,6,6,6,0,0,0,0,0,0,0,0,0,0,0,0,4.166,0,4.166,4.166,5.00116,0,5.00116,5.00116,4.18207,0.459861,3.65726,4.85898,13.3492,0.459861,12.8244,14.0261,
5.4,11,4,7,6,6,6,0,0,0,0,0,0,0,0,0,0,0,0,4.166,0,4.166,4.166,5.00116,0,5.00116,5.00116,3.04893,0.0742473,2.96526,3.13326,12.2161,0.0742473,12.1324,12.3004,
5.4,16,5,7,6,6,6,0,0,0,0,0,0,0,0,0,0,0,0,4.166,0,4.166,4.166,5.00116,0,5.00116,5.00116,5.68965,0.0742473,5.60598,5.77398,14.8568,0.0742473,14.7731,14.9411,
5.4,4,2,8,6,6,6,0,0,0,0,0,0,0,0,0,0,0,0,4.166,0,4.166,4.166,5.00116,0,5.00116,5.00116,3.01422,0.0681491,2.92526,3.09326,12.1814,0.0681491,12.0924,12.2604,
5.4,21,6,8,6,6,6,0,0,0,0,0,0,0,0,0,0,0,0,4.166,0,4.166,4.166,5.00116,0,5.00116,5.00116,3.05226,0.0751399,2.96726,3.13726,12.2194,0.0751399,12.1344,12.3044,
5.4,24,3,8,6,6,6,0,0,0,0,0,0,0,0,0,0,0,0,4.166,0,4.166,4.166,5.00116,0,5.00116,5.00116,3.04798,0.0751399,2.96298,3.13298,12.2151,0.0751399,12.1301,12.3001,
5.4,25,6,8,6,6,6,0,0,0,0,0,0,0,0,0,0,0,0,4.166,0,4.166,4.166,5.00116,0,5.00116,5.00116,3.03703,0.0589225,2.96526,3.09755,12.2042,0.0589225,12.1324,12.2647,
5.4,13,4,9,6,6,0,0,0,0,0,0,0,0,0,0,0,0,0,4.166,0,4.166,4.166,10.0012,0,10.0012,10.0012,3.0116,0.0742473,2.92726,3.09526,17.1788,0.0742473,17.0944,17.2624,
5.4,1,2,2,6,6,6,0,0,0,0,0,0,0,0,0,0,0,0,8.333,0,8.333,8.333,0,0,0,0,3.85547,0.0742473,3.77114,3.93914,12.1885,0.0742473,12.1041,12.2721,
5.4,17,5,2,6,6,6,0,0,0,0,0,0,0,0,0,0,0,0,8.333,0,8.333,8.333,1.00072,0,1.00072,1.00072,5.43713,0.0459491,5.40042,5.49699,14.7709,0.0459491,14.7341,14.8307,
5.4,18,5,2,6,6,6,0,0,0,0,0,0,0,0,0,0,0,0,8.333,0,8.333,8.333,1.00072,0,1.00072,1.00072,3.68761,0.179007,3.46042,3.84271,13.0213,0.179007,12.7941,13.1764,
5.4,3,2,3,6,6,6,0,0,0,0,0,0,0,0,0,0,0,0,8.333,0,8.333,8.333,1.00072,0,1.00072,1.00072,3.91809,0.196755,3.75042,4.16842,13.2518,0.196755,13.0841,13.5021,
5.4,10,3,3,6,6,6,0,0,0,0,0,0,0,0,0,0,0,0,8.333,0,8.333,8.333,0,0,0,0,3.02547,0.0742473,2.94114,3.10914,11.3585,0.0742473,11.2741,11.4421,
5.4,14,4,3,6,6,6,0,0,0,0,0,0,0,0,0,0,0,0,8.333,0,8.333,8.333,1.00072,0,1.00072,1.00072,4.52475,0.0742473,4.44042,4.60842,13.8585,0.0742473,13.7741,13.9421,
5.4,2,2,4,6,6,6,0,0,0,0,0,0,0,0,0,0,0,0,8.333,0,8.333,8.333,1.00072,0,1.00072,1.00072,3.75475,0.0742473,3.67042,3.83842,13.0885,0.0742473,13.0041,13.1721,
5.4,9,3,4,6,6,6,0,0,0,0,0,0,0,0,0,0,0,0,8.333,0,8.333,8.333,1.00072,0,1.00072,1.00072,4.98094,0.252017,4.81328,5.47928,14.3147,0.252017,14.147,14.813,
5.4,20,5,4,6,6,6,0,0,0,0,0,0,0,0,0,0,0,0,8.333,0,8.333,8.333,1.00072,0,1.00072,1.00072,3.18809,0.0742473,3.10442,3.27242,12.5218,0.0742473,12.4381,12.6061,
5.4,12,4,5,6,6,6,0,0,0,0,0,0,0,0,0,0,0,0,8.333,0,8.333,8.333,1.00072,0,1.00072,1.00072,4.41761,0.0742473,4.33328,4.50128,13.7513,0.0742473,13.667,13.835,
5.4,19,5,5,6,6,6,0,0,0,0,0,0,0,0,0,0,0,0,8.333,0,8.333,8.333,0,0,0,0,5.75214,0.197094,5.50114,5.91914,14.0851,0.197094,13.8341,14.2521,
5.4,22,6,5,6,6,6,0,0,0,0,0,0,0,0,0,0,0,0,8.333,0,8.333,8.333,1.00072,0,1.00072,1.00072,4.50094,0.0742473,4.41728,4.58528,13.8347,0.0742473,13.751,13.919,
5.4,5,2,6,6,6,6,0,0,0,0,0,0,0,0,0,0,0,0,8.333,0,8.333,8.333,1.00072,0,1.00072,1.00072,3.71142,0.197094,3.46042,3.87842,13.0451,0.197094,12.7941,13.2121,
5.4,8,3,6,6,6,6,0,0,0,0,0,0,0,0,0,0,0,0,8.333,0,8.333,8.333,1.00072,0,1.00072,1.00072,4.18809,0.252017,4.02042,4.68642,13.5218,0.252017,13.3541,14.0201,
5.4,23,6,6,6,6,6,0,0,0,0,0,0,0,0,0,0,0,0,8.333,0,8.333,8.333,0,0,0,0,4.62881,0.0742473,4.54514,4.71314,12.9618,0.0742473,12.8781,13.0461,
5.5,6,3,7,6,6,6,0,0,0,0,0,0,0,0,0,0,0,0,4.166,0,4.166,4.166,5.00116,0,5.00116,5.00116,3.03293,0.0742473,2.94926,3.11726,12.2001,0.0742473,12.1164,12.2844,
5.5,7,3,7,6,6,6,0,0,0,0,0,0,0,0,0,0,0,0,4.166,0,4.166,4.166,5.00116,0,5.00116,5.00116,4.10274,0.343158,3.66126,4.36498,13.2699,0.343158,12.8284,13.5321,
5.5,11,4,7,6,6,6,0,0,0,0,0,0,0,0,0,0,0,0,4.166,0,4.166,4.166,5.00116,0,5.00116,5.00116,3.05293,0.0742473,2.96926,3.13726,12.2201,0.0742473,12.1364,12.3044,
5.5,16,5,7,6,6,6,0,0,0,0,0,0,0,0,0,0,0,0,4.166,0,4.166,4.166,5.00116,0,5.00116,5.00116,5.69365,0.0742473,5.60998,5.77798,14.8608,0.0742473,14.7771,14.9451,
5.5,4,2,8,6,6,6,0,0,0,0,0,0,0,0,0,0,0,0,4.166,0,4.166,4.166,5.00116,0,5.00116,5.00116,3.01226,0.0751399,2.92726,3.09726,12.1794,0.0751399,12.0944,12.2644,
5.5,21,6,8,6,6,6,0,0,0,0,0,0,0,0,0,0,0,0,4.166,0,4.166,4.166,5.00116,0,5.00116,5.00116,3.05626,0.0751399,2.97126,3.14126,12.2234,0.0751399,12.1384,12.3084,
5.5,24,3,8,6,6,6,0,0,0,0,0,0,0,0,0,0,0,0,4.166,0,4.166,4.166,5.00116,0,5.00116,5.00116,3.05198,0.0751399,2.96698,3.13698,12.2191,0.0751399,12.1341,12.3041,
5.5,25,6,8,6,6,6,0,0,0,0,0,0,0,0,0,0,0,0,4.166,0,4.166,4.166,5.00116,0,5.00116,5.00116,3.04103,0.0589225,2.96926,3.10155,12.2082,0.0589225,12.1364,12.2687,
5.5,13,4,9,6,6,0,0,0,0,0,0,0,0,0,0,0,0,0,4.166,0,4.166,4.166,10.0012,0,10.0012,10.0012,3.0156,0.0742473,2.93126,3.09926,17.1828,0.0742473,17.0984,17.2664,
5.5,1,2,2,6,6,6,0,0,0,0,0,0,0,0,0,0,0,0,8.333,0,8.333,8.333,0,0,0,0,3.85947,0.0742473,3.77514,3.94314,12.1925,0.0742473,12.1081,12.2761,
5.5,17,5,2,6,6,6,0,0,0,0,0,0,0,0,0,0,0,0,8.333,0,8.333,8.333,1.00072,0,1.00072,1.00072,5.44113,0.0459491,5.40442,5.50099,14.7749,0.0459491,14.7381,14.8347,
5.5,18,5,2,6,6,6,0,0,0,0,0,0,0,0,0,0,0,0,8.333,0,8.333,8.333,1.00072,0,1.00072,1.00072,3.69161,0.179007,3.46442,3.84671,13.0253,0.179007,12.7981,13.1804,
5.5,3,2,3,6,6,6,0,0,0,0,0,0,0,0,0,0,0,0,8.333,0,8.333,8.333,1.00072,0,1.00072,1.00072,3.92209,0.196755,3.75442,4.17242,13.2558,0.196755,13.0881,13.5061,
5.5,10,3,3,6,6,6,0,0,0,0,0,0,0,0,0,0,0,0,8.333,0,8.333,8.333,0,0,0,0,3.02947,0.0742473,2.94514,3.11314,11.3625,0.0742473,11.2781,11.4461,
5.5,14,4,3,6,6,6,0,0,0,0,0,0,0,0,0,0,0,0,8.333,0,8.333,8.333,1.00072,0,1.00072,1.00072,4.52875,0.0742473,4.44442,4.61242,13.8625,0.0742473,13.7781,13.9461,
5.5,9,3,4,6,6,6,0,0,0,0,0,0,0,0,0,0,0,0,8.333,0,8.333,8.333,1.00072,0,1.00072,1.00072,4.90161,0.0742473,4.81728,4.98528,14.2353,0.0742473,14.151,14.319,
5.5,20,5,4,6,6,6,0,0,0,0,0,0,0,0,0,0,0,0,8.333,0,8.333,8.333,1.00072,0,1.00072,1.00072,3.19209,0.0742473,3.10842,3.27642,12.5258,0.0742473,12.4421,12.6101,
5.5,12,4,5,6,6,6,0,0,0,0,0,0,0,0,0,0,0,0,8.333,0,8.333,8.333,1.00072,0,1.00072,1.00072,4.42161,0.0742473,4.33728,4.50528,13.7553,0.0742473,13.671,13.839,
5.5,19,5,5,6,6,6,0,0,0,0,0,0,0,0,0,0,0,0,8.333,0,8.333,8.333,0,0,0,0,5.75614,0.197094,5.50514,5.92314,14.0891,0.197094,13.8381,14.2561,
5.5,22,6,5,6,6,6,0,0,0,0,0,0,0,0,0,0,0,0,8.333,0,8.333,8.333,1.00072,0,1.00072,1.00072,4.50494,0.0742473,4.42128,4.58928,13.8387,0.0742473,13.755,13.923,
5.5,5,2,6,6,6,6,0,0,0,0,0,0,0,0,0,0,0,0,8.333,0,8.333,8.333,1.00072,0,1.00072,1.00072,2.96542,0.452599,2.71442,3.88042,12.2991,0.452599,12.0481,13.2141,
5.5,8,3,6,6,6,6,0,0,0,0,0,0,0,0,0,0,0,0,8.333,0,8.333,8.333,1.00072,0,1.00072,1.00072,4.10875,0.0742473,4.02442,4.19242,13.4425,0.0742473,13.3581,13.5261,
5.5,23,6,6,6,6,6,0,0,0,0,0,0,0,0,0,0,0,0,8.333,0,8.333,8.333,0,0,0,0,4.63281,0.0742473,4.54914,4.71714,12.9658,0.0742473,12.8821,13.0501,
